{"producer":{"name":"Blender","version":"2.79 (sub 0)","exporter_version":"5.6.4","file":"gun_eggk47.babylon"},
"autoClear":true,"clearColor":[0.0509,0.0509,0.0509],"ambientColor":[0,0,0],"gravity":[0,-9.81,0],
"materials":[{"name":"gun_eggk47.phong1.018","id":"gun_eggk47.phong1.018","ambient":[0.5,0.5,0.5],"diffuse":[0.4,0.4,0.4],"specular":[0,0,0],"emissive":[0,0,0],"specularPower":103,"alpha":1,"backFaceCulling":true,"checkReadyOnlyOnce":false,"maxSimultaneousLights":4},
{"name":"gun_eggk47.phong1.017","id":"gun_eggk47.phong1.017","ambient":[0.5,0.5,0.5],"diffuse":[0.4,0.4,0.4],"specular":[0,0,0],"emissive":[0,0,0],"specularPower":103,"alpha":1,"backFaceCulling":true,"checkReadyOnlyOnce":false,"maxSimultaneousLights":4},
{"name":"gun_eggk47.phong1.016","id":"gun_eggk47.phong1.016","ambient":[0.5,0.5,0.5],"diffuse":[0.4,0.4,0.4],"specular":[0,0,0],"emissive":[0,0,0],"specularPower":103,"alpha":1,"backFaceCulling":true,"checkReadyOnlyOnce":false,"maxSimultaneousLights":4},
{"name":"gun_eggk47.phong1.015","id":"gun_eggk47.phong1.015","ambient":[0.5,0.5,0.5],"diffuse":[0.4,0.4,0.4],"specular":[0,0,0],"emissive":[0,0,0],"specularPower":103,"alpha":1,"backFaceCulling":true,"checkReadyOnlyOnce":false,"maxSimultaneousLights":4},
{"name":"gun_eggk47.phong1.012","id":"gun_eggk47.phong1.012","ambient":[0.5,0.5,0.5],"diffuse":[0.4,0.4,0.4],"specular":[0,0,0],"emissive":[0,0,0],"specularPower":103,"alpha":1,"backFaceCulling":true,"checkReadyOnlyOnce":false,"maxSimultaneousLights":4},
{"name":"gun_eggk47.phong1.014","id":"gun_eggk47.phong1.014","ambient":[0.5,0.5,0.5],"diffuse":[0.4,0.4,0.4],"specular":[0,0,0],"emissive":[0,0,0],"specularPower":103,"alpha":1,"backFaceCulling":true,"checkReadyOnlyOnce":false,"maxSimultaneousLights":4},
{"name":"gun_eggk47.phong1.013","id":"gun_eggk47.phong1.013","ambient":[0.5,0.5,0.5],"diffuse":[0.4,0.4,0.4],"specular":[0,0,0],"emissive":[0,0,0],"specularPower":103,"alpha":1,"backFaceCulling":true,"checkReadyOnlyOnce":false,"maxSimultaneousLights":4},
{"name":"gun_eggk47.phong1.011","id":"gun_eggk47.phong1.011","ambient":[0.5,0.5,0.5],"diffuse":[0.4,0.4,0.4],"specular":[0,0,0],"emissive":[0,0,0],"specularPower":103,"alpha":1,"backFaceCulling":true,"checkReadyOnlyOnce":false,"maxSimultaneousLights":4},
{"name":"gun_eggk47.phong1.001","id":"gun_eggk47.phong1.001","ambient":[0.5,0.5,0.5],"diffuse":[0.4,0.4,0.4],"specular":[0,0,0],"emissive":[0,0,0],"specularPower":103,"alpha":1,"backFaceCulling":true,"checkReadyOnlyOnce":false,"maxSimultaneousLights":4},
{"name":"gun_eggk47.phong1.002","id":"gun_eggk47.phong1.002","ambient":[0.5,0.5,0.5],"diffuse":[0.4,0.4,0.4],"specular":[0,0,0],"emissive":[0,0,0],"specularPower":103,"alpha":1,"backFaceCulling":true,"checkReadyOnlyOnce":false,"maxSimultaneousLights":4},
{"name":"gun_eggk47.phong1.003","id":"gun_eggk47.phong1.003","ambient":[0.5,0.5,0.5],"diffuse":[0.4,0.4,0.4],"specular":[0,0,0],"emissive":[0,0,0],"specularPower":103,"alpha":1,"backFaceCulling":true,"checkReadyOnlyOnce":false,"maxSimultaneousLights":4},
{"name":"gun_eggk47.phong1.004","id":"gun_eggk47.phong1.004","ambient":[0.5,0.5,0.5],"diffuse":[0.4,0.4,0.4],"specular":[0,0,0],"emissive":[0,0,0],"specularPower":103,"alpha":1,"backFaceCulling":true,"checkReadyOnlyOnce":false,"maxSimultaneousLights":4},
{"name":"gun_eggk47.phong1.005","id":"gun_eggk47.phong1.005","ambient":[0.5,0.5,0.5],"diffuse":[0.4,0.4,0.4],"specular":[0,0,0],"emissive":[0,0,0],"specularPower":103,"alpha":1,"backFaceCulling":true,"checkReadyOnlyOnce":false,"maxSimultaneousLights":4},
{"name":"gun_eggk47.phong1.006","id":"gun_eggk47.phong1.006","ambient":[0.5,0.5,0.5],"diffuse":[0.4,0.4,0.4],"specular":[0,0,0],"emissive":[0,0,0],"specularPower":103,"alpha":1,"backFaceCulling":true,"checkReadyOnlyOnce":false,"maxSimultaneousLights":4},
{"name":"gun_eggk47.phong1.007","id":"gun_eggk47.phong1.007","ambient":[0.5,0.5,0.5],"diffuse":[0.4,0.4,0.4],"specular":[0,0,0],"emissive":[0,0,0],"specularPower":103,"alpha":1,"backFaceCulling":true,"checkReadyOnlyOnce":false,"maxSimultaneousLights":4},
{"name":"gun_eggk47.phong1.008","id":"gun_eggk47.phong1.008","ambient":[0.5,0.5,0.5],"diffuse":[0.4,0.4,0.4],"specular":[0,0,0],"emissive":[0,0,0],"specularPower":103,"alpha":1,"backFaceCulling":true,"checkReadyOnlyOnce":false,"maxSimultaneousLights":4},
{"name":"gun_eggk47.phong1.010","id":"gun_eggk47.phong1.010","ambient":[0.5,0.5,0.5],"diffuse":[0.4,0.4,0.4],"specular":[0,0,0],"emissive":[0,0,0],"specularPower":103,"alpha":1,"backFaceCulling":true,"checkReadyOnlyOnce":false,"maxSimultaneousLights":4},
{"name":"gun_eggk47.phong1.009","id":"gun_eggk47.phong1.009","ambient":[0.5,0.5,0.5],"diffuse":[0.4,0.4,0.4],"specular":[0,0,0],"emissive":[0,0,0],"specularPower":103,"alpha":1,"backFaceCulling":true,"checkReadyOnlyOnce":false,"maxSimultaneousLights":4},
{"name":"gun_eggk47.phong1","id":"gun_eggk47.phong1","ambient":[0.5,0.5,0.5],"diffuse":[0.4,0.4,0.4],"specular":[0,0,0],"emissive":[0,0,0],"specularPower":103,"alpha":1,"backFaceCulling":true,"checkReadyOnlyOnce":false,"maxSimultaneousLights":4},
{"name":"gun_eggk47.standard","id":"gun_eggk47.standard","ambient":[0.8,0.8,0.8],"diffuse":[0.8,0.8,0.8],"specular":[0,0,0],"emissive":[0,0,0],"specularPower":50,"alpha":1,"backFaceCulling":true,"checkReadyOnlyOnce":false,"maxSimultaneousLights":4}],
"multiMaterials":[],
"skeletons":[{"name":"gun_eggk47_skeleton","id":0,"dimensionsAtRest":[0.5,0.1933,0.4694],"bones":[
{"name":"body","index":0,"matrix":[1,0,0,0,0,0,1,0,0,1,0,0,0.25,0,0.3314,1],"rest":[1,0,0,0,0,0,1,0,0,1,0,0,0,0,0,1],"parentBoneIndex":-1,"length":0.1064
,"animation":{"dataType":3,"framePerSecond":60,"keys":[
{"frame":0,"values":[1,0,0,0,0,0,1,0,0,1,0,0,0.25,0,0.3314,1]},
{"frame":1,"values":[1,0,0,0,0,0.02,0.9998,0,0,0.9998,-0.02,0,0.25,0.003,0.3231,1]},
{"frame":2,"values":[1,0,0,0,0,0.0182,0.9998,0,0,0.9998,-0.0182,0,0.25,0.0028,0.3239,1]},
{"frame":3,"values":[1,0,0,0,0,0.0132,0.9999,0,0,0.9999,-0.0132,0,0.25,0.002,0.3259,1]},
{"frame":4,"values":[1,0,0,0,0,0.0068,1,0,0,1,-0.0068,0,0.25,0.001,0.3286,1]},
{"frame":5,"values":[1,0,0,0,0,0.0018,1,0,0,1,-0.0018,0,0.25,0.0003,0.3306,1]},
{"frame":6,"values":[1,0,0,0,0,0,1,0,0,1,0,0,0.25,0,0.3314,1]},
{"frame":20,"values":[1,0,0,0,0,0,1,0,0,1,0,0,0.25,0,0.3314,1]},
{"frame":21,"values":[1,-0.0006,0.0008,0,-0.0008,0.0003,1,0,0.0006,1,-0.0003,0,0.2499,0,0.3313,1]},
{"frame":22,"values":[1,-0.0022,0.0031,0,-0.0031,0.001,1,0,0.0022,1,-0.001,0,0.2497,0,0.3312,1]},
{"frame":23,"values":[1,-0.0048,0.007,0,-0.0069,0.0023,1,0,0.0049,1,-0.0022,0,0.2493,0.0001,0.3311,1]},
{"frame":24,"values":[0.9999,-0.0085,0.0122,0,-0.0122,0.004,0.9999,0,0.0086,1,-0.0039,0,0.2488,0.0001,0.3309,1]},
{"frame":25,"values":[0.9997,-0.0131,0.0189,0,-0.0188,0.0062,0.9998,0,0.0132,0.9999,-0.006,0,0.2481,0.0001,0.3306,1]},
{"frame":26,"values":[0.9995,-0.0186,0.0269,0,-0.0267,0.0089,0.9996,0,0.0189,0.9998,-0.0084,0,0.2473,0.0002,0.3303,1]},
{"frame":27,"values":[0.999,-0.025,0.0361,0,-0.0358,0.012,0.9993,0,0.0254,0.9996,-0.0111,0,0.2464,0.0003,0.3299,1]},
{"frame":28,"values":[0.9984,-0.0321,0.0466,0,-0.0461,0.0156,0.9988,0,0.0328,0.9994,-0.0141,0,0.2454,0.0003,0.3294,1]},
{"frame":29,"values":[0.9975,-0.04,0.0583,0,-0.0575,0.0197,0.9981,0,0.0411,0.999,-0.0174,0,0.2442,0.0004,0.329,1]},
{"frame":30,"values":[0.9963,-0.0486,0.071,0,-0.0699,0.0242,0.9973,0,0.0502,0.9985,-0.0208,0,0.243,0.0005,0.3284,1]},
{"frame":31,"values":[0.9947,-0.0578,0.0848,0,-0.0832,0.0292,0.9961,0,0.0601,0.9979,-0.0243,0,0.2417,0.0006,0.3279,1]},
{"frame":32,"values":[0.9927,-0.0676,0.0995,0,-0.0973,0.0347,0.9946,0,0.0706,0.9971,-0.0278,0,0.2403,0.0007,0.3273,1]},
{"frame":33,"values":[0.9903,-0.0778,0.1151,0,-0.1122,0.0406,0.9929,0,0.0819,0.9961,-0.0314,0,0.2388,0.0008,0.3266,1]},
{"frame":34,"values":[0.9874,-0.0884,0.1314,0,-0.1277,0.0469,0.9907,0,0.0938,0.995,-0.035,0,0.2373,0.0009,0.3259,1]},
{"frame":35,"values":[0.9839,-0.0994,0.1484,0,-0.1437,0.0535,0.9882,0,0.1062,0.9936,-0.0384,0,0.2357,0.0011,0.3252,1]},
{"frame":36,"values":[0.9799,-0.1106,0.166,0,-0.1601,0.0606,0.9852,0,0.119,0.992,-0.0417,0,0.2341,0.0012,0.3245,1]},
{"frame":37,"values":[0.9753,-0.122,0.184,0,-0.1767,0.068,0.9819,0,0.1323,0.9902,-0.0448,0,0.2324,0.0013,0.3237,1]},
{"frame":38,"values":[0.9702,-0.1335,0.2023,0,-0.1936,0.0757,0.9782,0,0.1459,0.9882,-0.0476,0,0.2308,0.0014,0.3229,1]},
{"frame":39,"values":[0.9645,-0.145,0.2208,0,-0.2104,0.0836,0.974,0,0.1596,0.9859,-0.0501,0,0.2291,0.0016,0.3222,1]},
{"frame":40,"values":[0.9583,-0.1564,0.2393,0,-0.2272,0.0916,0.9695,0,0.1735,0.9834,-0.0523,0,0.2275,0.0017,0.3214,1]},
{"frame":41,"values":[0.9516,-0.1676,0.2577,0,-0.2436,0.0998,0.9647,0,0.1874,0.9808,-0.0541,0,0.2259,0.0018,0.3206,1]},
{"frame":42,"values":[0.9445,-0.1785,0.2757,0,-0.2597,0.1079,0.9596,0,0.2011,0.978,-0.0556,0,0.2243,0.0019,0.3197,1]},
{"frame":43,"values":[0.9371,-0.1892,0.2933,0,-0.2753,0.1159,0.9544,0,0.2145,0.9751,-0.0566,0,0.2228,0.002,0.319,1]},
{"frame":44,"values":[0.9296,-0.1994,0.3101,0,-0.2901,0.1237,0.949,0,0.2276,0.9721,-0.0572,0,0.2214,0.0021,0.3182,1]},
{"frame":45,"values":[0.9219,-0.209,0.3261,0,-0.304,0.1311,0.9436,0,0.24,0.9691,-0.0573,0,0.2201,0.0022,0.3174,1]},
{"frame":46,"values":[0.9145,-0.2181,0.3409,0,-0.3169,0.138,0.9384,0,0.2517,0.9661,-0.0571,0,0.219,0.0023,0.3167,1]},
{"frame":47,"values":[0.9073,-0.2264,0.3543,0,-0.3286,0.1441,0.9334,0,0.2624,0.9633,-0.0564,0,0.2181,0.0024,0.316,1]},
{"frame":48,"values":[0.9007,-0.2339,0.3661,0,-0.3388,0.1493,0.9289,0,0.2719,0.9607,-0.0553,0,0.2173,0.0024,0.3154,1]},
{"frame":49,"values":[0.895,-0.2404,0.3758,0,-0.3473,0.1534,0.9251,0,0.2801,0.9585,-0.0538,0,0.2168,0.0025,0.3148,1]},
{"frame":50,"values":[0.8903,-0.2459,0.3832,0,-0.3539,0.156,0.9222,0,0.2865,0.9567,-0.0519,0,0.2167,0.0025,0.3143,1]},
{"frame":51,"values":[0.8871,-0.2502,0.3879,0,-0.3586,0.1555,0.9204,0,0.2906,0.9556,-0.0482,0,0.2167,0.0025,0.3139,1]},
{"frame":52,"values":[0.8854,-0.2534,0.3897,0,-0.3618,0.1507,0.92,0,0.2919,0.9555,-0.0418,0,0.2167,0.0025,0.3136,1]},
{"frame":53,"values":[0.8846,-0.2557,0.39,0,-0.3638,0.1446,0.9202,0,0.2917,0.9559,-0.0349,0,0.2167,0.0025,0.3133,1]},
{"frame":54,"values":[0.8838,-0.2576,0.3905,0,-0.3655,0.1407,0.9201,0,0.2919,0.956,-0.0302,0,0.2167,0.0025,0.313,1]},
{"frame":55,"values":[0.8829,-0.2592,0.3915,0,-0.367,0.1389,0.9198,0,0.2928,0.9558,-0.0275,0,0.2167,0.0034,0.3128,1]},
{"frame":56,"values":[0.8822,-0.2606,0.3923,0,-0.3682,0.1375,0.9195,0,0.2936,0.9556,-0.0254,0,0.2167,0.0059,0.3126,1]},
{"frame":57,"values":[0.8815,-0.2619,0.393,0,-0.3693,0.1364,0.9192,0,0.2943,0.9554,-0.0235,0,0.2168,0.0084,0.3125,1]},
{"frame":58,"values":[0.8808,-0.2631,0.3937,0,-0.3703,0.1353,0.919,0,0.2951,0.9552,-0.0218,0,0.2168,0.0094,0.3123,1]},
{"frame":59,"values":[0.8802,-0.2642,0.3943,0,-0.3712,0.1344,0.9188,0,0.2958,0.955,-0.0202,0,0.2168,0.0094,0.3122,1]},
{"frame":60,"values":[0.8796,-0.2654,0.3949,0,-0.3721,0.1335,0.9185,0,0.2965,0.9549,-0.0187,0,0.2169,0.0093,0.3121,1]},
{"frame":61,"values":[0.879,-0.2664,0.3955,0,-0.373,0.1327,0.9183,0,0.2971,0.9547,-0.0172,0,0.2169,0.0093,0.3119,1]},
{"frame":62,"values":[0.8784,-0.2675,0.3961,0,-0.3738,0.1318,0.9181,0,0.2978,0.9545,-0.0158,0,0.217,0.0092,0.3118,1]},
{"frame":63,"values":[0.8778,-0.2686,0.3966,0,-0.3746,0.1311,0.9179,0,0.2985,0.9543,-0.0144,0,0.217,0.0091,0.3117,1]},
{"frame":64,"values":[0.8772,-0.2696,0.3972,0,-0.3754,0.1303,0.9176,0,0.2991,0.9541,-0.0131,0,0.217,0.009,0.3115,1]},
{"frame":65,"values":[0.8767,-0.2706,0.3977,0,-0.3762,0.1296,0.9174,0,0.2998,0.9539,-0.0118,0,0.2171,0.009,0.3114,1]},
{"frame":66,"values":[0.8761,-0.2716,0.3983,0,-0.377,0.1289,0.9172,0,0.3005,0.9537,-0.0106,0,0.2171,0.0089,0.3113,1]},
{"frame":67,"values":[0.8756,-0.2726,0.3988,0,-0.3777,0.1282,0.917,0,0.3011,0.9535,-0.0093,0,0.2172,0.0088,0.3111,1]},
{"frame":68,"values":[0.875,-0.2736,0.3993,0,-0.3785,0.1276,0.9168,0,0.3017,0.9534,-0.0081,0,0.2172,0.0087,0.311,1]},
{"frame":69,"values":[0.8745,-0.2745,0.3998,0,-0.3792,0.1269,0.9166,0,0.3024,0.9532,-0.0069,0,0.2173,0.0086,0.3109,1]},
{"frame":70,"values":[0.874,-0.2755,0.4003,0,-0.3799,0.1263,0.9164,0,0.303,0.953,-0.0057,0,0.2173,0.0085,0.3108,1]},
{"frame":71,"values":[0.8734,-0.2765,0.4008,0,-0.3807,0.1256,0.9161,0,0.3036,0.9528,-0.0045,0,0.2173,0.0085,0.3106,1]},
{"frame":72,"values":[0.8729,-0.2774,0.4013,0,-0.3814,0.125,0.9159,0,0.3043,0.9526,-0.0033,0,0.2174,0.0084,0.3105,1]},
{"frame":73,"values":[0.8724,-0.2784,0.4018,0,-0.3821,0.1244,0.9157,0,0.3049,0.9524,-0.0022,0,0.2174,0.0083,0.3104,1]},
{"frame":74,"values":[0.8719,-0.2793,0.4023,0,-0.3828,0.1238,0.9155,0,0.3055,0.9522,-0.001,0,0.2175,0.0082,0.3102,1]},
{"frame":75,"values":[0.8714,-0.2802,0.4028,0,-0.3835,0.1232,0.9153,0,0.3061,0.952,0.0001,0,0.2175,0.0081,0.3101,1]},
{"frame":76,"values":[0.8708,-0.2812,0.4032,0,-0.3841,0.1226,0.9151,0,0.3067,0.9518,0.0012,0,0.2176,0.008,0.31,1]},
{"frame":77,"values":[0.8703,-0.2821,0.4037,0,-0.3848,0.122,0.9149,0,0.3073,0.9516,0.0024,0,0.2176,0.0079,0.3099,1]},
{"frame":78,"values":[0.8698,-0.283,0.4042,0,-0.3855,0.1214,0.9147,0,0.3079,0.9514,0.0035,0,0.2177,0.0078,0.3097,1]},
{"frame":79,"values":[0.8693,-0.2839,0.4046,0,-0.3862,0.1209,0.9145,0,0.3085,0.9512,0.0046,0,0.2177,0.0077,0.3096,1]},
{"frame":80,"values":[0.8688,-0.2848,0.4051,0,-0.3868,0.1203,0.9143,0,0.3091,0.951,0.0057,0,0.2177,0.0076,0.3095,1]},
{"frame":81,"values":[0.8683,-0.2857,0.4055,0,-0.3875,0.1197,0.9141,0,0.3097,0.9508,0.0068,0,0.2178,0.0075,0.3094,1]},
{"frame":82,"values":[0.8678,-0.2866,0.406,0,-0.3882,0.1192,0.9138,0,0.3103,0.9506,0.0079,0,0.2178,0.0075,0.3092,1]},
{"frame":83,"values":[0.8673,-0.2875,0.4064,0,-0.3888,0.1186,0.9136,0,0.3109,0.9504,0.0089,0,0.2179,0.0074,0.3091,1]},
{"frame":84,"values":[0.8668,-0.2884,0.4069,0,-0.3895,0.1181,0.9134,0,0.3115,0.9502,0.01,0,0.2179,0.0073,0.309,1]},
{"frame":85,"values":[0.8662,-0.2893,0.4073,0,-0.3902,0.1175,0.9132,0,0.3121,0.95,0.0111,0,0.218,0.0072,0.3088,1]},
{"frame":86,"values":[0.8657,-0.2902,0.4078,0,-0.3908,0.117,0.913,0,0.3127,0.9498,0.0122,0,0.218,0.0071,0.3087,1]},
{"frame":87,"values":[0.8652,-0.2911,0.4082,0,-0.3915,0.1164,0.9128,0,0.3132,0.9496,0.0132,0,0.2181,0.007,0.3086,1]},
{"frame":88,"values":[0.8647,-0.292,0.4086,0,-0.3921,0.1159,0.9126,0,0.3138,0.9494,0.0143,0,0.2181,0.0069,0.3085,1]},
{"frame":89,"values":[0.8642,-0.2929,0.4091,0,-0.3928,0.1153,0.9124,0,0.3144,0.9492,0.0154,0,0.2181,0.0068,0.3083,1]},
{"frame":90,"values":[0.8637,-0.2937,0.4095,0,-0.3934,0.1148,0.9122,0,0.315,0.949,0.0164,0,0.2182,0.0067,0.3082,1]},
{"frame":91,"values":[0.8632,-0.2946,0.4099,0,-0.394,0.1143,0.912,0,0.3155,0.9488,0.0175,0,0.2182,0.0066,0.3081,1]},
{"frame":92,"values":[0.8627,-0.2955,0.4103,0,-0.3947,0.1137,0.9118,0,0.3161,0.9486,0.0185,0,0.2183,0.0065,0.308,1]},
{"frame":93,"values":[0.8622,-0.2964,0.4107,0,-0.3953,0.1132,0.9115,0,0.3166,0.9483,0.0196,0,0.2183,0.0064,0.3078,1]},
{"frame":94,"values":[0.8617,-0.2972,0.4112,0,-0.396,0.1126,0.9113,0,0.3172,0.9481,0.0206,0,0.2184,0.0063,0.3077,1]},
{"frame":95,"values":[0.8612,-0.2981,0.4116,0,-0.3966,0.1121,0.9111,0,0.3178,0.9479,0.0217,0,0.2184,0.0062,0.3076,1]},
{"frame":96,"values":[0.8607,-0.299,0.412,0,-0.3972,0.1116,0.9109,0,0.3183,0.9477,0.0227,0,0.2185,0.0061,0.3075,1]},
{"frame":97,"values":[0.8602,-0.2998,0.4124,0,-0.3979,0.111,0.9107,0,0.3189,0.9475,0.0238,0,0.2185,0.006,0.3074,1]},
{"frame":98,"values":[0.8597,-0.3007,0.4128,0,-0.3985,0.1105,0.9105,0,0.3194,0.9473,0.0248,0,0.2186,0.0059,0.3072,1]},
{"frame":99,"values":[0.8593,-0.3016,0.4132,0,-0.3991,0.11,0.9103,0,0.3199,0.9471,0.0259,0,0.2186,0.0058,0.3071,1]},
{"frame":100,"values":[0.8588,-0.3024,0.4136,0,-0.3998,0.1094,0.9101,0,0.3205,0.9469,0.0269,0,0.2186,0.0057,0.307,1]},
{"frame":101,"values":[0.8583,-0.3033,0.414,0,-0.4004,0.1089,0.9098,0,0.321,0.9467,0.028,0,0.2187,0.0056,0.3069,1]},
{"frame":102,"values":[0.8578,-0.3042,0.4144,0,-0.401,0.1083,0.9096,0,0.3216,0.9464,0.029,0,0.2187,0.0055,0.3067,1]},
{"frame":103,"values":[0.8573,-0.305,0.4148,0,-0.4017,0.1078,0.9094,0,0.3221,0.9462,0.0301,0,0.2188,0.0054,0.3066,1]},
{"frame":104,"values":[0.8568,-0.3059,0.4152,0,-0.4023,0.1073,0.9092,0,0.3226,0.946,0.0312,0,0.2188,0.0053,0.3065,1]},
{"frame":105,"values":[0.8563,-0.3067,0.4156,0,-0.4029,0.1067,0.909,0,0.3231,0.9458,0.0322,0,0.2189,0.0052,0.3064,1]},
{"frame":106,"values":[0.8558,-0.3076,0.416,0,-0.4036,0.1062,0.9088,0,0.3237,0.9456,0.0333,0,0.2189,0.0051,0.3063,1]},
{"frame":107,"values":[0.8553,-0.3084,0.4164,0,-0.4042,0.1056,0.9086,0,0.3242,0.9454,0.0343,0,0.219,0.005,0.3061,1]},
{"frame":108,"values":[0.8548,-0.3093,0.4167,0,-0.4048,0.1051,0.9083,0,0.3247,0.9452,0.0354,0,0.219,0.005,0.306,1]},
{"frame":109,"values":[0.8543,-0.3101,0.4171,0,-0.4055,0.1045,0.9081,0,0.3252,0.9449,0.0365,0,0.2191,0.0049,0.3059,1]},
{"frame":110,"values":[0.8538,-0.311,0.4175,0,-0.4061,0.104,0.9079,0,0.3257,0.9447,0.0375,0,0.2191,0.0048,0.3058,1]},
{"frame":111,"values":[0.8533,-0.3118,0.4179,0,-0.4067,0.1034,0.9077,0,0.3262,0.9445,0.0386,0,0.2191,0.0047,0.3056,1]},
{"frame":112,"values":[0.8528,-0.3126,0.4183,0,-0.4074,0.1028,0.9075,0,0.3267,0.9443,0.0397,0,0.2192,0.0046,0.3055,1]},
{"frame":113,"values":[0.8523,-0.3135,0.4186,0,-0.408,0.1023,0.9072,0,0.3272,0.9441,0.0407,0,0.2192,0.0045,0.3054,1]},
{"frame":114,"values":[0.8518,-0.3143,0.419,0,-0.4086,0.1017,0.907,0,0.3277,0.9439,0.0418,0,0.2193,0.0044,0.3053,1]},
{"frame":115,"values":[0.8513,-0.3152,0.4194,0,-0.4093,0.1011,0.9068,0,0.3282,0.9436,0.0429,0,0.2193,0.0043,0.3052,1]},
{"frame":116,"values":[0.8509,-0.316,0.4197,0,-0.4099,0.1005,0.9066,0,0.3287,0.9434,0.044,0,0.2194,0.0042,0.3051,1]},
{"frame":117,"values":[0.8504,-0.3168,0.4201,0,-0.4105,0.0999,0.9064,0,0.3292,0.9432,0.0451,0,0.2194,0.0041,0.3049,1]},
{"frame":118,"values":[0.8499,-0.3177,0.4205,0,-0.4112,0.0993,0.9061,0,0.3296,0.943,0.0462,0,0.2195,0.004,0.3048,1]},
{"frame":119,"values":[0.8494,-0.3185,0.4208,0,-0.4118,0.0987,0.9059,0,0.3301,0.9428,0.0473,0,0.2195,0.0039,0.3047,1]},
{"frame":120,"values":[0.8489,-0.3194,0.4212,0,-0.4124,0.0981,0.9057,0,0.3305,0.9425,0.0484,0,0.2196,0.0038,0.3046,1]},
{"frame":121,"values":[0.8484,-0.3202,0.4215,0,-0.4131,0.0975,0.9055,0,0.331,0.9423,0.0496,0,0.2196,0.0037,0.3045,1]},
{"frame":122,"values":[0.8479,-0.321,0.4219,0,-0.4137,0.0968,0.9052,0,0.3314,0.9421,0.0507,0,0.2197,0.0036,0.3044,1]},
{"frame":123,"values":[0.8474,-0.3219,0.4222,0,-0.4144,0.0962,0.905,0,0.3319,0.9419,0.0519,0,0.2197,0.0035,0.3042,1]},
{"frame":124,"values":[0.8469,-0.3227,0.4226,0,-0.415,0.0955,0.9048,0,0.3323,0.9417,0.053,0,0.2198,0.0034,0.3041,1]},
{"frame":125,"values":[0.8465,-0.3235,0.4229,0,-0.4157,0.0948,0.9045,0,0.3327,0.9415,0.0542,0,0.2198,0.0033,0.304,1]},
{"frame":126,"values":[0.846,-0.3243,0.4233,0,-0.4163,0.0942,0.9043,0,0.3332,0.9412,0.0554,0,0.2199,0.0032,0.3039,1]},
{"frame":127,"values":[0.8455,-0.3252,0.4236,0,-0.417,0.0935,0.9041,0,0.3336,0.941,0.0566,0,0.2199,0.0031,0.3038,1]},
{"frame":128,"values":[0.845,-0.326,0.4239,0,-0.4177,0.0927,0.9039,0,0.334,0.9408,0.0578,0,0.2199,0.003,0.3037,1]},
{"frame":129,"values":[0.8445,-0.3268,0.4243,0,-0.4184,0.092,0.9036,0,0.3343,0.9406,0.059,0,0.22,0.003,0.3036,1]},
{"frame":130,"values":[0.844,-0.3277,0.4246,0,-0.419,0.0912,0.9034,0,0.3347,0.9404,0.0603,0,0.22,0.0029,0.3035,1]},
{"frame":131,"values":[0.8435,-0.3285,0.4249,0,-0.4197,0.0904,0.9031,0,0.3351,0.9402,0.0616,0,0.2201,0.0028,0.3033,1]},
{"frame":132,"values":[0.8431,-0.3293,0.4252,0,-0.4204,0.0896,0.9029,0,0.3354,0.94,0.0629,0,0.2201,0.0027,0.3032,1]},
{"frame":133,"values":[0.8426,-0.3301,0.4255,0,-0.4211,0.0887,0.9027,0,0.3357,0.9398,0.0643,0,0.2202,0.0026,0.3031,1]},
{"frame":134,"values":[0.8421,-0.331,0.4258,0,-0.4218,0.0878,0.9024,0,0.336,0.9396,0.0657,0,0.2202,0.0025,0.303,1]},
{"frame":135,"values":[0.8416,-0.3318,0.4261,0,-0.4226,0.0868,0.9022,0,0.3363,0.9394,0.0672,0,0.2203,0.0024,0.3029,1]},
{"frame":136,"values":[0.8412,-0.3326,0.4264,0,-0.4233,0.0857,0.9019,0,0.3365,0.9392,0.0687,0,0.2203,0.0024,0.3028,1]},
{"frame":137,"values":[0.8407,-0.3334,0.4267,0,-0.4241,0.0845,0.9017,0,0.3367,0.939,0.0704,0,0.2204,0.0023,0.3027,1]},
{"frame":138,"values":[0.8402,-0.3342,0.427,0,-0.4249,0.0832,0.9014,0,0.3368,0.9388,0.0722,0,0.2205,0.0022,0.3027,1]},
{"frame":139,"values":[0.8398,-0.3351,0.4272,0,-0.4259,0.0815,0.9011,0,0.3368,0.9387,0.0743,0,0.2205,0.0021,0.3026,1]},
{"frame":140,"values":[0.8394,-0.3359,0.4273,0,-0.427,0.079,0.9008,0,0.3364,0.9386,0.0771,0,0.2206,0.0021,0.3025,1]},
{"frame":141,"values":[0.8389,-0.3373,0.4271,0,-0.4292,0.0727,0.9003,0,0.3347,0.9386,0.0838,0,0.2207,0.0035,0.3026,1]},
{"frame":142,"values":[0.8385,-0.3389,0.4266,0,-0.4319,0.0639,0.8997,0,0.3322,0.9386,0.0928,0,0.2208,0.0064,0.3028,1]},
{"frame":143,"values":[0.8385,-0.3389,0.4266,0,-0.4332,0.0601,0.8993,0,0.3304,0.9389,0.0964,0,0.2209,0.0078,0.3028,1]},
{"frame":144,"values":[0.8411,-0.3315,0.4274,0,-0.4337,0.059,0.8991,0,0.3233,0.9416,0.0942,0,0.2207,0.0078,0.3028,1]},
{"frame":145,"values":[0.8465,-0.3152,0.429,0,-0.4344,0.0566,0.8989,0,0.3076,0.9473,0.089,0,0.2203,0.0077,0.3028,1]},
{"frame":146,"values":[0.8535,-0.2931,0.4308,0,-0.4353,0.0535,0.8987,0,0.2864,0.9546,0.0819,0,0.2198,0.0077,0.3028,1]},
{"frame":147,"values":[0.8611,-0.2668,0.4327,0,-0.4361,0.0497,0.8985,0,0.2612,0.9625,0.0735,0,0.2192,0.0076,0.3027,1]},
{"frame":148,"values":[0.8688,-0.2373,0.4345,0,-0.4368,0.0456,0.8984,0,0.233,0.9704,0.064,0,0.2185,0.0075,0.3026,1]},
{"frame":149,"values":[0.8762,-0.2053,0.4361,0,-0.4374,0.0412,0.8983,0,0.2023,0.9778,0.0537,0,0.2177,0.0074,0.3025,1]},
{"frame":150,"values":[0.8829,-0.1713,0.4373,0,-0.4379,0.0365,0.8983,0,0.1698,0.9846,0.0428,0,0.2169,0.0073,0.3024,1]},
{"frame":151,"values":[0.8886,-0.1357,0.4381,0,-0.4381,0.0316,0.8984,0,0.1357,0.9903,0.0313,0,0.2161,0.0072,0.3023,1]},
{"frame":152,"values":[0.8933,-0.0988,0.4384,0,-0.4381,0.0266,0.8985,0,0.1005,0.9947,0.0195,0,0.2152,0.0071,0.3021,1]},
{"frame":153,"values":[0.8968,-0.061,0.4383,0,-0.4378,0.0216,0.8988,0,0.0643,0.9979,0.0074,0,0.2144,0.007,0.302,1]},
{"frame":154,"values":[0.8989,-0.0227,0.4376,0,-0.4373,0.0165,0.8992,0,0.0276,0.9996,-0.0049,0,0.2135,0.0069,0.3018,1]},
{"frame":155,"values":[0.8996,0.0161,0.4364,0,-0.4366,0.0115,0.8996,0,-0.0095,0.9998,-0.0174,0,0.2126,0.0068,0.3016,1]},
{"frame":156,"values":[0.8989,0.055,0.4346,0,-0.4356,0.0065,0.9001,0,-0.0466,0.9985,-0.0298,0,0.2118,0.0067,0.3014,1]},
{"frame":157,"values":[0.8969,0.0937,0.4323,0,-0.4343,0.0016,0.9008,0,-0.0837,0.9956,-0.0421,0,0.2109,0.0066,0.3011,1]},
{"frame":158,"values":[0.8934,0.132,0.4294,0,-0.4328,-0.0031,0.9015,0,-0.1203,0.9912,-0.0544,0,0.21,0.0064,0.3009,1]},
{"frame":159,"values":[0.8887,0.1697,0.426,0,-0.431,-0.0077,0.9023,0,-0.1564,0.9855,-0.0664,0,0.2092,0.0063,0.3006,1]},
{"frame":160,"values":[0.8827,0.2067,0.4221,0,-0.4291,-0.012,0.9032,0,-0.1917,0.9783,-0.0781,0,0.2083,0.0062,0.3003,1]},
{"frame":161,"values":[0.8756,0.2426,0.4177,0,-0.4269,-0.0161,0.9042,0,-0.2261,0.97,-0.0895,0,0.2075,0.0061,0.3,1]},
{"frame":162,"values":[0.8675,0.2774,0.4129,0,-0.4245,-0.0199,0.9052,0,-0.2593,0.9606,-0.1005,0,0.2067,0.006,0.2996,1]},
{"frame":163,"values":[0.8586,0.3108,0.4078,0,-0.422,-0.0235,0.9063,0,-0.2912,0.9502,-0.111,0,0.2059,0.0059,0.2992,1]},
{"frame":164,"values":[0.8489,0.3427,0.4023,0,-0.4193,-0.0267,0.9075,0,-0.3217,0.9391,-0.1211,0,0.2051,0.0057,0.2988,1]},
{"frame":165,"values":[0.8389,0.3729,0.3966,0,-0.4165,-0.0295,0.9087,0,-0.3505,0.9274,-0.1306,0,0.2044,0.0056,0.2983,1]},
{"frame":166,"values":[0.8285,0.4013,0.3907,0,-0.4136,-0.032,0.9099,0,-0.3776,0.9154,-0.1395,0,0.2037,0.0055,0.2978,1]},
{"frame":167,"values":[0.818,0.4277,0.3846,0,-0.4106,-0.034,0.9112,0,-0.4028,0.9033,-0.1478,0,0.203,0.0054,0.2973,1]},
{"frame":168,"values":[0.8077,0.4521,0.3784,0,-0.4075,-0.0357,0.9125,0,-0.426,0.8913,-0.1554,0,0.2024,0.0053,0.2967,1]},
{"frame":169,"values":[0.7979,0.4741,0.3723,0,-0.4045,-0.0368,0.9138,0,-0.447,0.8797,-0.1624,0,0.2019,0.0052,0.2961,1]},
{"frame":170,"values":[0.7887,0.4938,0.3662,0,-0.4014,-0.0375,0.9151,0,-0.4656,0.8688,-0.1686,0,0.2013,0.0051,0.2954,1]},
{"frame":171,"values":[0.7806,0.5108,0.3602,0,-0.3983,-0.0377,0.9165,0,-0.4817,0.8589,-0.1741,0,0.2009,0.005,0.2947,1]},
{"frame":172,"values":[0.7738,0.525,0.3545,0,-0.3953,-0.0372,0.9178,0,-0.495,0.8503,-0.1787,0,0.2005,0.0049,0.2939,1]},
{"frame":173,"values":[0.7687,0.5359,0.3491,0,-0.3923,-0.0361,0.9191,0,-0.5052,0.8435,-0.1824,0,0.2002,0.0048,0.293,1]},
{"frame":174,"values":[0.7658,0.5432,0.3442,0,-0.3893,-0.0343,0.9205,0,-0.5118,0.8389,-0.1852,0,0.2,0.0047,0.2921,1]},
{"frame":175,"values":[0.7657,0.5462,0.3397,0,-0.3864,-0.0317,0.9218,0,-0.5143,0.8371,-0.1868,0,0.2,0.0046,0.291,1]},
{"frame":176,"values":[0.7672,0.5467,0.3353,0,-0.3831,-0.0286,0.9233,0,-0.5144,0.8368,-0.1875,0,0.2003,0.0045,0.2894,1]},
{"frame":177,"values":[0.7695,0.5468,0.3302,0,-0.3788,-0.0255,0.9251,0,-0.5142,0.8369,-0.1875,0,0.2012,0.0045,0.2869,1]},
{"frame":178,"values":[0.7727,0.5455,0.3245,0,-0.3737,-0.0223,0.9273,0,-0.5131,0.8378,-0.1866,0,0.2025,0.0045,0.2843,1]},
{"frame":179,"values":[0.7772,0.5425,0.3188,0,-0.368,-0.0192,0.9296,0,-0.5105,0.8398,-0.1847,0,0.2038,0.0044,0.2824,1]},
{"frame":180,"values":[0.7826,0.5379,0.3134,0,-0.3622,-0.0161,0.932,0,-0.5064,0.8428,-0.1822,0,0.2048,0.0043,0.2817,1]},
{"frame":181,"values":[0.789,0.5317,0.308,0,-0.356,-0.013,0.9344,0,-0.5008,0.8468,-0.179,0,0.2055,0.0043,0.2824,1]},
{"frame":182,"values":[0.7965,0.5237,0.3021,0,-0.3489,-0.0099,0.9371,0,-0.4937,0.8518,-0.1749,0,0.2061,0.0042,0.2844,1]},
{"frame":183,"values":[0.8049,0.5144,0.2958,0,-0.3412,-0.0067,0.94,0,-0.4855,0.8575,-0.1701,0,0.2066,0.0041,0.2872,1]},
{"frame":184,"values":[0.8139,0.504,0.2892,0,-0.3328,-0.0036,0.943,0,-0.4762,0.8637,-0.1648,0,0.2072,0.0039,0.2899,1]},
{"frame":185,"values":[0.8232,0.4926,0.2822,0,-0.324,-0.0005,0.946,0,-0.4662,0.8703,-0.1592,0,0.2079,0.0039,0.2918,1]},
{"frame":186,"values":[0.8328,0.4805,0.2751,0,-0.3149,0.0024,0.9491,0,-0.4554,0.877,-0.1533,0,0.2088,0.0038,0.2932,1]},
{"frame":187,"values":[0.8424,0.4677,0.2676,0,-0.3054,0.0052,0.9522,0,-0.4439,0.8839,-0.1472,0,0.2098,0.0037,0.2947,1]},
{"frame":188,"values":[0.852,0.4544,0.26,0,-0.2957,0.0078,0.9553,0,-0.432,0.8908,-0.141,0,0.2108,0.0035,0.2961,1]},
{"frame":189,"values":[0.8616,0.4405,0.2522,0,-0.2858,0.0103,0.9582,0,-0.4196,0.8977,-0.1347,0,0.2119,0.0034,0.2975,1]},
{"frame":190,"values":[0.871,0.4263,0.2442,0,-0.2757,0.0125,0.9612,0,-0.4067,0.9045,-0.1284,0,0.2131,0.0033,0.2989,1]},
{"frame":191,"values":[0.8801,0.4118,0.2361,0,-0.2654,0.0146,0.964,0,-0.3936,0.9111,-0.1221,0,0.2143,0.0032,0.3003,1]},
{"frame":192,"values":[0.8891,0.397,0.2279,0,-0.2551,0.0164,0.9668,0,-0.3801,0.9177,-0.1159,0,0.2156,0.0031,0.3017,1]},
{"frame":193,"values":[0.8977,0.382,0.2196,0,-0.2448,0.0181,0.9694,0,-0.3664,0.924,-0.1097,0,0.2169,0.003,0.303,1]},
{"frame":194,"values":[0.906,0.3669,0.2111,0,-0.2344,0.0195,0.9719,0,-0.3525,0.9301,-0.1037,0,0.2182,0.0028,0.3044,1]},
{"frame":195,"values":[0.914,0.3516,0.2027,0,-0.224,0.0207,0.9744,0,-0.3384,0.9359,-0.0977,0,0.2195,0.0027,0.3057,1]},
{"frame":196,"values":[0.9215,0.3363,0.1941,0,-0.2137,0.0218,0.9767,0,-0.3242,0.9415,-0.0919,0,0.2208,0.0026,0.3069,1]},
{"frame":197,"values":[0.9287,0.3209,0.1856,0,-0.2034,0.0226,0.9788,0,-0.3099,0.9468,-0.0863,0,0.2221,0.0025,0.3082,1]},
{"frame":198,"values":[0.9356,0.3056,0.177,0,-0.1932,0.0232,0.9809,0,-0.2957,0.9519,-0.0807,0,0.2234,0.0023,0.3094,1]},
{"frame":199,"values":[0.942,0.2904,0.1685,0,-0.1831,0.0236,0.9828,0,-0.2814,0.9566,-0.0754,0,0.2247,0.0022,0.3106,1]},
{"frame":200,"values":[0.948,0.2752,0.16,0,-0.1731,0.0239,0.9846,0,-0.2671,0.9611,-0.0703,0,0.226,0.0021,0.3118,1]},
{"frame":201,"values":[0.9536,0.2602,0.1515,0,-0.1633,0.0239,0.9863,0,-0.253,0.9653,-0.0653,0,0.2273,0.002,0.313,1]},
{"frame":202,"values":[0.9588,0.2453,0.1432,0,-0.1536,0.0238,0.9878,0,-0.2389,0.9691,-0.0605,0,0.2286,0.0019,0.3141,1]},
{"frame":203,"values":[0.9636,0.2307,0.1349,0,-0.1441,0.0236,0.9893,0,-0.225,0.9727,-0.0559,0,0.2299,0.0018,0.3152,1]},
{"frame":204,"values":[0.9681,0.2162,0.1267,0,-0.1348,0.0232,0.9906,0,-0.2113,0.9761,-0.0516,0,0.2311,0.0017,0.3163,1]},
{"frame":205,"values":[0.9722,0.2021,0.1186,0,-0.1257,0.0226,0.9918,0,-0.1978,0.9791,-0.0474,0,0.2324,0.0015,0.3173,1]},
{"frame":206,"values":[0.9759,0.1882,0.1106,0,-0.1168,0.0219,0.9929,0,-0.1845,0.9819,-0.0434,0,0.2336,0.0014,0.3183,1]},
{"frame":207,"values":[0.9792,0.1747,0.1029,0,-0.1082,0.0212,0.9939,0,-0.1714,0.9844,-0.0396,0,0.2347,0.0013,0.3193,1]},
{"frame":208,"values":[0.9823,0.1615,0.0953,0,-0.0998,0.0203,0.9948,0,-0.1587,0.9867,-0.036,0,0.2359,0.0012,0.3203,1]},
{"frame":209,"values":[0.985,0.1486,0.0878,0,-0.0917,0.0193,0.9956,0,-0.1463,0.9887,-0.0326,0,0.237,0.0011,0.3212,1]},
{"frame":210,"values":[0.9874,0.1362,0.0806,0,-0.0838,0.0182,0.9963,0,-0.1342,0.9905,-0.0294,0,0.2381,0.001,0.322,1]},
{"frame":211,"values":[0.9895,0.1241,0.0736,0,-0.0763,0.0171,0.9969,0,-0.1225,0.9921,-0.0264,0,0.2391,0.0009,0.3229,1]},
{"frame":212,"values":[0.9914,0.1125,0.0668,0,-0.069,0.0159,0.9975,0,-0.1112,0.9935,-0.0236,0,0.2401,0.0009,0.3237,1]},
{"frame":213,"values":[0.993,0.1014,0.0603,0,-0.0621,0.0147,0.998,0,-0.1003,0.9947,-0.0209,0,0.2411,0.0008,0.3245,1]},
{"frame":214,"values":[0.9944,0.0907,0.054,0,-0.0555,0.0135,0.9984,0,-0.0898,0.9958,-0.0185,0,0.242,0.0007,0.3252,1]},
{"frame":215,"values":[0.9956,0.0805,0.048,0,-0.0491,0.0123,0.9987,0,-0.0798,0.9967,-0.0162,0,0.2429,0.0006,0.3259,1]},
{"frame":216,"values":[0.9966,0.0709,0.0423,0,-0.0432,0.011,0.999,0,-0.0703,0.9974,-0.014,0,0.2438,0.0005,0.3266,1]},
{"frame":217,"values":[0.9974,0.0617,0.0369,0,-0.0376,0.0098,0.9992,0,-0.0613,0.998,-0.0121,0,0.2446,0.0005,0.3272,1]},
{"frame":218,"values":[0.9981,0.0531,0.0318,0,-0.0323,0.0086,0.9994,0,-0.0528,0.9986,-0.0103,0,0.2453,0.0004,0.3278,1]},
{"frame":219,"values":[0.9986,0.0451,0.027,0,-0.0274,0.0074,0.9996,0,-0.0449,0.999,-0.0086,0,0.246,0.0003,0.3283,1]},
{"frame":220,"values":[0.999,0.0377,0.0226,0,-0.0228,0.0063,0.9997,0,-0.0375,0.9993,-0.0071,0,0.2467,0.0003,0.3289,1]},
{"frame":221,"values":[0.9994,0.0308,0.0185,0,-0.0187,0.0052,0.9998,0,-0.0307,0.9995,-0.0058,0,0.2473,0.0002,0.3293,1]},
{"frame":222,"values":[0.9996,0.0246,0.0148,0,-0.0149,0.0042,0.9999,0,-0.0246,0.9997,-0.0046,0,0.2478,0.0002,0.3297,1]},
{"frame":223,"values":[0.9998,0.0191,0.0114,0,-0.0115,0.0033,0.9999,0,-0.019,0.9998,-0.0035,0,0.2483,0.0001,0.3301,1]},
{"frame":224,"values":[0.9999,0.0142,0.0085,0,-0.0085,0.0025,1,0,-0.0141,0.9999,-0.0026,0,0.2487,0.0001,0.3304,1]},
{"frame":225,"values":[0.9999,0.0099,0.006,0,-0.006,0.0017,1,0,-0.0099,0.9999,-0.0018,0,0.2491,0.0001,0.3307,1]},
{"frame":226,"values":[1,0.0064,0.0039,0,-0.0039,0.0011,1,0,-0.0064,1,-0.0012,0,0.2494,0,0.3309,1]},
{"frame":227,"values":[1,0.0037,0.0022,0,-0.0022,0.0007,1,0,-0.0037,1,-0.0007,0,0.2497,0,0.3311,1]},
{"frame":228,"values":[1,0.0016,0.001,0,-0.001,0.0003,1,0,-0.0016,1,-0.0003,0,0.2499,0,0.3313,1]},
{"frame":229,"values":[1,0.0004,0.0003,0,-0.0003,0.0001,1,0,-0.0004,1,-0.0001,0,0.25,0,0.3313,1]},
{"frame":230,"values":[1,0,0,0,0,0,1,0,0,1,0,0,0.25,0,0.3314,1]},
{"frame":240,"values":[1,0,0,0,0,0,1,0,0,1,0,0,0.25,0,0.3314,1]},
{"frame":241,"values":[1,-0.0003,0.0004,0,-0.0004,0.0001,1,0,0.0003,1,-0.0001,0,0.25,0,0.3314,1]},
{"frame":242,"values":[1,-0.0013,0.0018,0,-0.0018,0.0006,1,0,0.0013,1,-0.0006,0,0.2498,0,0.3313,1]},
{"frame":243,"values":[1,-0.0028,0.0039,0,-0.0039,0.0013,1,0,0.0028,1,-0.0012,0,0.2496,0,0.3312,1]},
{"frame":244,"values":[1,-0.0049,0.0069,0,-0.0068,0.0022,1,0,0.0049,1,-0.0022,0,0.2493,0.0001,0.3311,1]},
{"frame":245,"values":[0.9999,-0.0075,0.0106,0,-0.0105,0.0034,0.9999,0,0.0076,1,-0.0033,0,0.249,0.0001,0.3309,1]},
{"frame":246,"values":[0.9998,-0.0107,0.015,0,-0.0149,0.0049,0.9999,0,0.0108,0.9999,-0.0047,0,0.2485,0.0001,0.3307,1]},
{"frame":247,"values":[0.9997,-0.0143,0.0201,0,-0.02,0.0066,0.9998,0,0.0145,0.9999,-0.0063,0,0.248,0.0001,0.3305,1]},
{"frame":248,"values":[0.9995,-0.0184,0.0259,0,-0.0258,0.0085,0.9996,0,0.0187,0.9998,-0.008,0,0.2474,0.0002,0.3303,1]},
{"frame":249,"values":[0.9992,-0.023,0.0324,0,-0.0322,0.0107,0.9994,0,0.0233,0.9997,-0.0099,0,0.2468,0.0002,0.33,1]},
{"frame":250,"values":[0.9988,-0.0279,0.0395,0,-0.0391,0.013,0.9991,0,0.0284,0.9995,-0.0119,0,0.2461,0.0003,0.3297,1]},
{"frame":251,"values":[0.9983,-0.0333,0.0471,0,-0.0466,0.0157,0.9988,0,0.034,0.9993,-0.0141,0,0.2454,0.0003,0.3294,1]},
{"frame":252,"values":[0.9977,-0.039,0.0554,0,-0.0547,0.0185,0.9983,0,0.04,0.9991,-0.0164,0,0.2446,0.0004,0.329,1]},
{"frame":253,"values":[0.9969,-0.0451,0.0642,0,-0.0633,0.0216,0.9978,0,0.0464,0.9987,-0.0187,0,0.2437,0.0005,0.3286,1]},
{"frame":254,"values":[0.996,-0.0515,0.0735,0,-0.0723,0.025,0.9971,0,0.0532,0.9984,-0.0211,0,0.2428,0.0005,0.3283,1]},
{"frame":255,"values":[0.9948,-0.0582,0.0833,0,-0.0818,0.0285,0.9962,0,0.0603,0.9979,-0.0236,0,0.2419,0.0006,0.3278,1]},
{"frame":256,"values":[0.9935,-0.0652,0.0936,0,-0.0917,0.0323,0.9953,0,0.0679,0.9974,-0.0261,0,0.2409,0.0007,0.3274,1]},
{"frame":257,"values":[0.9919,-0.0724,0.1044,0,-0.1019,0.0363,0.9941,0,0.0757,0.9967,-0.0286,0,0.2399,0.0008,0.327,1]},
{"frame":258,"values":[0.9901,-0.0798,0.1155,0,-0.1126,0.0405,0.9928,0,0.0839,0.996,-0.0311,0,0.2389,0.0008,0.3265,1]},
{"frame":259,"values":[0.988,-0.0875,0.1271,0,-0.1235,0.045,0.9913,0,0.0925,0.9951,-0.0336,0,0.2378,0.0009,0.326,1]},
{"frame":260,"values":[0.9857,-0.0954,0.139,0,-0.1348,0.0496,0.9896,0,0.1013,0.9942,-0.036,0,0.2367,0.001,0.3255,1]},
{"frame":261,"values":[0.9831,-0.1034,0.1513,0,-0.1463,0.0545,0.9877,0,0.1103,0.9932,-0.0384,0,0.2356,0.0011,0.325,1]},
{"frame":262,"values":[0.9802,-0.1115,0.1638,0,-0.158,0.0595,0.9856,0,0.1197,0.992,-0.0407,0,0.2344,0.0012,0.3244,1]},
{"frame":263,"values":[0.977,-0.1198,0.1767,0,-0.1699,0.0648,0.9833,0,0.1292,0.9907,-0.0429,0,0.2332,0.0013,0.3239,1]},
{"frame":264,"values":[0.9734,-0.1281,0.1898,0,-0.182,0.0702,0.9808,0,0.139,0.9893,-0.045,0,0.2321,0.0013,0.3233,1]},
{"frame":265,"values":[0.9696,-0.1365,0.203,0,-0.1941,0.0758,0.978,0,0.1489,0.9877,-0.047,0,0.2309,0.0014,0.3228,1]},
{"frame":266,"values":[0.9655,-0.1449,0.2165,0,-0.2064,0.0815,0.9751,0,0.159,0.9861,-0.0488,0,0.2297,0.0015,0.3222,1]},
{"frame":267,"values":[0.961,-0.1534,0.23,0,-0.2187,0.0874,0.9719,0,0.1692,0.9843,-0.0505,0,0.2285,0.0016,0.3216,1]},
{"frame":268,"values":[0.9563,-0.1618,0.2436,0,-0.2309,0.0934,0.9685,0,0.1794,0.9824,-0.052,0,0.2272,0.0017,0.321,1]},
{"frame":269,"values":[0.9513,-0.1701,0.2572,0,-0.2431,0.0995,0.9649,0,0.1897,0.9804,-0.0533,0,0.2261,0.0018,0.3204,1]},
{"frame":270,"values":[0.946,-0.1784,0.2708,0,-0.2552,0.1056,0.9611,0,0.2,0.9783,-0.0544,0,0.2249,0.0019,0.3198,1]},
{"frame":271,"values":[0.9404,-0.1865,0.2843,0,-0.2672,0.1118,0.9571,0,0.2103,0.9761,-0.0553,0,0.2237,0.002,0.3192,1]},
{"frame":272,"values":[0.9347,-0.1945,0.2976,0,-0.2789,0.1179,0.953,0,0.2205,0.9738,-0.0559,0,0.2226,0.002,0.3186,1]},
{"frame":273,"values":[0.9287,-0.2023,0.3107,0,-0.2904,0.124,0.9488,0,0.2304,0.9715,-0.0564,0,0.2215,0.0021,0.318,1]},
{"frame":274,"values":[0.9227,-0.2098,0.3234,0,-0.3015,0.1299,0.9446,0,0.2402,0.9691,-0.0566,0,0.2205,0.0022,0.3174,1]},
{"frame":275,"values":[0.9167,-0.217,0.3356,0,-0.3122,0.1356,0.9403,0,0.2496,0.9667,-0.0565,0,0.2195,0.0023,0.3168,1]},
{"frame":276,"values":[0.9106,-0.2239,0.3473,0,-0.3223,0.141,0.9361,0,0.2586,0.9644,-0.0562,0,0.2186,0.0023,0.3162,1]},
{"frame":277,"values":[0.9048,-0.2304,0.3581,0,-0.3317,0.1459,0.932,0,0.267,0.9621,-0.0556,0,0.2179,0.0024,0.3157,1]},
{"frame":278,"values":[0.8993,-0.2363,0.368,0,-0.3403,0.1502,0.9282,0,0.2746,0.96,-0.0547,0,0.2173,0.0024,0.3152,1]},
{"frame":279,"values":[0.8944,-0.2415,0.3765,0,-0.3478,0.1537,0.9249,0,0.2812,0.9581,-0.0535,0,0.2168,0.0025,0.3147,1]},
{"frame":280,"values":[0.8903,-0.2459,0.3832,0,-0.3539,0.156,0.9222,0,0.2865,0.9567,-0.0519,0,0.2167,0.0025,0.3143,1]},
{"frame":281,"values":[0.8874,-0.2495,0.3876,0,-0.3584,0.1553,0.9206,0,0.2899,0.9558,-0.0484,0,0.2167,0.0025,0.3139,1]},
{"frame":282,"values":[0.8857,-0.2528,0.3895,0,-0.3616,0.1506,0.9201,0,0.2912,0.9557,-0.0419,0,0.2167,0.0025,0.3136,1]},
{"frame":283,"values":[0.8847,-0.2555,0.3899,0,-0.3638,0.1446,0.9202,0,0.2914,0.9559,-0.035,0,0.2167,0.0025,0.3133,1]},
{"frame":284,"values":[0.8838,-0.2576,0.3905,0,-0.3655,0.1407,0.9201,0,0.2919,0.956,-0.0302,0,0.2167,0.0025,0.313,1]},
{"frame":285,"values":[0.8829,-0.2592,0.3915,0,-0.367,0.1389,0.9198,0,0.2928,0.9558,-0.0275,0,0.2167,0.0034,0.3128,1]},
{"frame":286,"values":[0.8821,-0.2606,0.3923,0,-0.3683,0.1375,0.9195,0,0.2936,0.9556,-0.0253,0,0.2167,0.0059,0.3126,1]},
{"frame":287,"values":[0.8814,-0.2619,0.393,0,-0.3693,0.1364,0.9192,0,0.2944,0.9554,-0.0235,0,0.2168,0.0084,0.3125,1]},
{"frame":288,"values":[0.8808,-0.2631,0.3937,0,-0.3703,0.1353,0.919,0,0.2951,0.9552,-0.0217,0,0.2168,0.0094,0.3123,1]},
{"frame":289,"values":[0.8801,-0.2643,0.3943,0,-0.3713,0.1344,0.9187,0,0.2958,0.955,-0.0201,0,0.2168,0.0094,0.3122,1]},
{"frame":290,"values":[0.8795,-0.2654,0.3949,0,-0.3722,0.1335,0.9185,0,0.2965,0.9548,-0.0186,0,0.2169,0.0093,0.3121,1]},
{"frame":291,"values":[0.8789,-0.2666,0.3955,0,-0.373,0.1326,0.9183,0,0.2972,0.9547,-0.0171,0,0.2169,0.0093,0.3119,1]},
{"frame":292,"values":[0.8783,-0.2676,0.3961,0,-0.3739,0.1318,0.9181,0,0.2979,0.9545,-0.0157,0,0.217,0.0092,0.3118,1]},
{"frame":293,"values":[0.8777,-0.2687,0.3967,0,-0.3747,0.131,0.9178,0,0.2986,0.9543,-0.0143,0,0.217,0.0091,0.3117,1]},
{"frame":294,"values":[0.8772,-0.2697,0.3972,0,-0.3755,0.1303,0.9176,0,0.2993,0.9541,-0.013,0,0.217,0.009,0.3115,1]},
{"frame":295,"values":[0.8766,-0.2708,0.3978,0,-0.3763,0.1296,0.9174,0,0.2999,0.9539,-0.0117,0,0.2171,0.009,0.3114,1]},
{"frame":296,"values":[0.8761,-0.2718,0.3983,0,-0.3771,0.1289,0.9172,0,0.3006,0.9537,-0.0104,0,0.2171,0.0089,0.3113,1]},
{"frame":297,"values":[0.8755,-0.2728,0.3989,0,-0.3778,0.1282,0.917,0,0.3013,0.9535,-0.0091,0,0.2172,0.0088,0.3111,1]},
{"frame":298,"values":[0.875,-0.2738,0.3994,0,-0.3786,0.1275,0.9168,0,0.3019,0.9533,-0.0079,0,0.2172,0.0087,0.311,1]},
{"frame":299,"values":[0.8744,-0.2748,0.3999,0,-0.3793,0.1268,0.9165,0,0.3026,0.9531,-0.0067,0,0.2173,0.0086,0.3109,1]},
{"frame":300,"values":[0.8739,-0.2757,0.4004,0,-0.38,0.1262,0.9163,0,0.3032,0.9529,-0.0055,0,0.2173,0.0085,0.3107,1]},
{"frame":301,"values":[0.8733,-0.2767,0.4009,0,-0.3807,0.1256,0.9161,0,0.3038,0.9527,-0.0043,0,0.2173,0.0084,0.3106,1]},
{"frame":302,"values":[0.8728,-0.2777,0.4014,0,-0.3815,0.1249,0.9159,0,0.3045,0.9525,-0.0031,0,0.2174,0.0083,0.3105,1]},
{"frame":303,"values":[0.8723,-0.2786,0.4019,0,-0.3822,0.1243,0.9157,0,0.3051,0.9523,-0.002,0,0.2174,0.0083,0.3103,1]},
{"frame":304,"values":[0.8717,-0.2796,0.4024,0,-0.3829,0.1237,0.9155,0,0.3057,0.9521,-0.0008,0,0.2175,0.0082,0.3102,1]},
{"frame":305,"values":[0.8712,-0.2805,0.4028,0,-0.3836,0.1231,0.9153,0,0.3064,0.9519,0.0003,0,0.2175,0.0081,0.3101,1]},
{"frame":306,"values":[0.8707,-0.2815,0.4033,0,-0.3843,0.1225,0.9151,0,0.307,0.9517,0.0015,0,0.2176,0.008,0.3099,1]},
{"frame":307,"values":[0.8702,-0.2824,0.4038,0,-0.3849,0.122,0.9148,0,0.3076,0.9515,0.0026,0,0.2176,0.0079,0.3098,1]},
{"frame":308,"values":[0.8696,-0.2833,0.4043,0,-0.3856,0.1214,0.9146,0,0.3082,0.9513,0.0037,0,0.2177,0.0078,0.3097,1]},
{"frame":309,"values":[0.8691,-0.2843,0.4047,0,-0.3863,0.1208,0.9144,0,0.3088,0.9511,0.0048,0,0.2177,0.0077,0.3096,1]},
{"frame":310,"values":[0.8686,-0.2852,0.4052,0,-0.387,0.1202,0.9142,0,0.3094,0.9509,0.0059,0,0.2177,0.0076,0.3094,1]},
{"frame":311,"values":[0.8681,-0.2861,0.4056,0,-0.3876,0.1197,0.914,0,0.3101,0.9507,0.007,0,0.2178,0.0075,0.3093,1]},
{"frame":312,"values":[0.8676,-0.287,0.4061,0,-0.3883,0.1191,0.9138,0,0.3107,0.9505,0.0081,0,0.2178,0.0074,0.3092,1]},
{"frame":313,"values":[0.8671,-0.2879,0.4065,0,-0.389,0.1186,0.9136,0,0.3113,0.9503,0.0092,0,0.2179,0.0073,0.309,1]},
{"frame":314,"values":[0.8666,-0.2889,0.407,0,-0.3896,0.118,0.9134,0,0.3119,0.9501,0.0103,0,0.2179,0.0072,0.3089,1]},
