{"producer":{"name":"Blender","version":"2.79 (sub 0)","exporter_version":"5.6.4","file":"gun_dozenGauge.babylon"},
"autoClear":true,"clearColor":[0.0509,0.0509,0.0509],"ambientColor":[0,0,0],"gravity":[0,-9.81,0],
"materials":[{"name":"gun_dozenGauge.phong1.018","id":"gun_dozenGauge.phong1.018","ambient":[0.5,0.5,0.5],"diffuse":[0.4,0.4,0.4],"specular":[0,0,0],"emissive":[0,0,0],"specularPower":103,"alpha":1,"backFaceCulling":true,"checkReadyOnlyOnce":false,"maxSimultaneousLights":4},
{"name":"gun_dozenGauge.phong1.017","id":"gun_dozenGauge.phong1.017","ambient":[0.5,0.5,0.5],"diffuse":[0.4,0.4,0.4],"specular":[0,0,0],"emissive":[0,0,0],"specularPower":103,"alpha":1,"backFaceCulling":true,"checkReadyOnlyOnce":false,"maxSimultaneousLights":4},
{"name":"gun_dozenGauge.phong1.016","id":"gun_dozenGauge.phong1.016","ambient":[0.5,0.5,0.5],"diffuse":[0.4,0.4,0.4],"specular":[0,0,0],"emissive":[0,0,0],"specularPower":103,"alpha":1,"backFaceCulling":true,"checkReadyOnlyOnce":false,"maxSimultaneousLights":4},
{"name":"gun_dozenGauge.phong1.015","id":"gun_dozenGauge.phong1.015","ambient":[0.5,0.5,0.5],"diffuse":[0.4,0.4,0.4],"specular":[0,0,0],"emissive":[0,0,0],"specularPower":103,"alpha":1,"backFaceCulling":true,"checkReadyOnlyOnce":false,"maxSimultaneousLights":4},
{"name":"gun_dozenGauge.phong1.014","id":"gun_dozenGauge.phong1.014","ambient":[0.5,0.5,0.5],"diffuse":[0.4,0.4,0.4],"specular":[0,0,0],"emissive":[0,0,0],"specularPower":103,"alpha":1,"backFaceCulling":true,"checkReadyOnlyOnce":false,"maxSimultaneousLights":4},
{"name":"gun_dozenGauge.phong1.013","id":"gun_dozenGauge.phong1.013","ambient":[0.5,0.5,0.5],"diffuse":[0.4,0.4,0.4],"specular":[0,0,0],"emissive":[0,0,0],"specularPower":103,"alpha":1,"backFaceCulling":true,"checkReadyOnlyOnce":false,"maxSimultaneousLights":4},
{"name":"gun_dozenGauge.phong1.012","id":"gun_dozenGauge.phong1.012","ambient":[0.5,0.5,0.5],"diffuse":[0.4,0.4,0.4],"specular":[0,0,0],"emissive":[0,0,0],"specularPower":103,"alpha":1,"backFaceCulling":true,"checkReadyOnlyOnce":false,"maxSimultaneousLights":4},
{"name":"gun_dozenGauge.phong1.009","id":"gun_dozenGauge.phong1.009","ambient":[0.5,0.5,0.5],"diffuse":[0.4,0.4,0.4],"specular":[0,0,0],"emissive":[0,0,0],"specularPower":103,"alpha":1,"backFaceCulling":true,"checkReadyOnlyOnce":false,"maxSimultaneousLights":4},
{"name":"gun_dozenGauge.phong1.001","id":"gun_dozenGauge.phong1.001","ambient":[0.5,0.5,0.5],"diffuse":[0.4,0.4,0.4],"specular":[0,0,0],"emissive":[0,0,0],"specularPower":103,"alpha":1,"backFaceCulling":true,"checkReadyOnlyOnce":false,"maxSimultaneousLights":4},
{"name":"gun_dozenGauge.phong1.002","id":"gun_dozenGauge.phong1.002","ambient":[0.5,0.5,0.5],"diffuse":[0.4,0.4,0.4],"specular":[0,0,0],"emissive":[0,0,0],"specularPower":103,"alpha":1,"backFaceCulling":true,"checkReadyOnlyOnce":false,"maxSimultaneousLights":4},
{"name":"gun_dozenGauge.phong1.003","id":"gun_dozenGauge.phong1.003","ambient":[0.5,0.5,0.5],"diffuse":[0.4,0.4,0.4],"specular":[0,0,0],"emissive":[0,0,0],"specularPower":103,"alpha":1,"backFaceCulling":true,"checkReadyOnlyOnce":false,"maxSimultaneousLights":4},
{"name":"gun_dozenGauge.phong1.004","id":"gun_dozenGauge.phong1.004","ambient":[0.5,0.5,0.5],"diffuse":[0.4,0.4,0.4],"specular":[0,0,0],"emissive":[0,0,0],"specularPower":103,"alpha":1,"backFaceCulling":true,"checkReadyOnlyOnce":false,"maxSimultaneousLights":4},
{"name":"gun_dozenGauge.phong1.005","id":"gun_dozenGauge.phong1.005","ambient":[0.5,0.5,0.5],"diffuse":[0.4,0.4,0.4],"specular":[0,0,0],"emissive":[0,0,0],"specularPower":103,"alpha":1,"backFaceCulling":true,"checkReadyOnlyOnce":false,"maxSimultaneousLights":4},
{"name":"gun_dozenGauge.phong1.006","id":"gun_dozenGauge.phong1.006","ambient":[0.5,0.5,0.5],"diffuse":[0.4,0.4,0.4],"specular":[0,0,0],"emissive":[0,0,0],"specularPower":103,"alpha":1,"backFaceCulling":true,"checkReadyOnlyOnce":false,"maxSimultaneousLights":4},
{"name":"gun_dozenGauge.phong1.007","id":"gun_dozenGauge.phong1.007","ambient":[0.5,0.5,0.5],"diffuse":[0.4,0.4,0.4],"specular":[0,0,0],"emissive":[0,0,0],"specularPower":103,"alpha":1,"backFaceCulling":true,"checkReadyOnlyOnce":false,"maxSimultaneousLights":4},
{"name":"gun_dozenGauge.phong1.008","id":"gun_dozenGauge.phong1.008","ambient":[0.5,0.5,0.5],"diffuse":[0.4,0.4,0.4],"specular":[0,0,0],"emissive":[0,0,0],"specularPower":103,"alpha":1,"backFaceCulling":true,"checkReadyOnlyOnce":false,"maxSimultaneousLights":4},
{"name":"gun_dozenGauge.phong1.010","id":"gun_dozenGauge.phong1.010","ambient":[0.5,0.5,0.5],"diffuse":[0.4,0.4,0.4],"specular":[0,0,0],"emissive":[0,0,0],"specularPower":103,"alpha":1,"backFaceCulling":true,"checkReadyOnlyOnce":false,"maxSimultaneousLights":4},
{"name":"gun_dozenGauge.phong1.011","id":"gun_dozenGauge.phong1.011","ambient":[0.5,0.5,0.5],"diffuse":[0.4,0.4,0.4],"specular":[0,0,0],"emissive":[0,0,0],"specularPower":103,"alpha":1,"backFaceCulling":true,"checkReadyOnlyOnce":false,"maxSimultaneousLights":4},
{"name":"gun_dozenGauge.standard.001","id":"gun_dozenGauge.standard.001","ambient":[0.8,0.8,0.8],"diffuse":[0.64,0.64,0.64],"specular":[0,0,0],"emissive":[0,0,0],"specularPower":50,"alpha":1,"backFaceCulling":true,"checkReadyOnlyOnce":false,"maxSimultaneousLights":4},
{"name":"gun_dozenGauge.phong1","id":"gun_dozenGauge.phong1","ambient":[0.5,0.5,0.5],"diffuse":[0.4,0.4,0.4],"specular":[0,0,0],"emissive":[0,0,0],"specularPower":103,"alpha":1,"backFaceCulling":true,"checkReadyOnlyOnce":false,"maxSimultaneousLights":4},
{"name":"gun_dozenGauge.standard","id":"gun_dozenGauge.standard","ambient":[0.8,0.8,0.8],"diffuse":[0.8,0.8,0.8],"specular":[0,0,0],"emissive":[0,0,0],"specularPower":50,"alpha":1,"backFaceCulling":true,"checkReadyOnlyOnce":false,"maxSimultaneousLights":4}],
"multiMaterials":[{"name":"gun_dozenGauge.Multimaterial#0","id":"gun_dozenGauge.Multimaterial#0","materials":["gun_dozenGauge.standard.001","gun_dozenGauge.phong1"]}],
"skeletons":[{"name":"gun_dozenGauge_skeleton","id":0,"dimensionsAtRest":[0.5,0.2333,0.4694],"bones":[
{"name":"body","index":0,"matrix":[1,0,0,0,0,0,1,0,0,1,0,0,0.25,0,0.3079,1],"rest":[1,0,0,0,0,0,1,0,0,1,0,0,0,0,0,1],"parentBoneIndex":-1,"length":0.1064
,"animation":{"dataType":3,"framePerSecond":60,"keys":[
{"frame":0,"values":[1,0,0,0,0,0,1,0,0,1,0,0,0.25,0,0.3079,1]},
{"frame":1,"values":[1,-0.005,0.002,0,-0.0019,0.0344,0.9994,0,0.005,0.9994,-0.0344,0,0.25,0.0079,0.2871,1]},
{"frame":2,"values":[1,-0.0047,0.0019,0,-0.0018,0.0323,0.9995,0,0.0047,0.9995,-0.0323,0,0.25,0.0074,0.2884,1]},
{"frame":3,"values":[1,-0.004,0.0016,0,-0.0015,0.0277,0.9996,0,0.004,0.9996,-0.0277,0,0.25,0.0063,0.2912,1]},
{"frame":4,"values":[1,-0.0032,0.0013,0,-0.0012,0.0223,0.9998,0,0.0033,0.9997,-0.0223,0,0.25,0.0051,0.2945,1]},
{"frame":5,"values":[1,-0.0024,0.001,0,-0.0009,0.0167,0.9999,0,0.0024,0.9999,-0.0167,0,0.25,0.0038,0.2978,1]},
{"frame":6,"values":[1,-0.0017,0.0007,0,-0.0006,0.0115,0.9999,0,0.0017,0.9999,-0.0115,0,0.25,0.0026,0.301,1]},
{"frame":7,"values":[1,-0.001,0.0004,0,-0.0004,0.0069,1,0,0.001,1,-0.0069,0,0.25,0.0016,0.3038,1]},
{"frame":8,"values":[1,-0.0005,0.0002,0,-0.0002,0.0033,1,0,0.0005,1,-0.0033,0,0.25,0.0007,0.306,1]},
{"frame":9,"values":[1,-0.0001,0,0,0,0.0009,1,0,0.0001,1,-0.0009,0,0.25,0.0002,0.3074,1]},
{"frame":10,"values":[1,0,0,0,0,0,1,0,0,1,0,0,0.25,0,0.3079,1]},
{"frame":20,"values":[1,0,0,0,0,0,1,0,0,1,0,0,0.25,0,0.3079,1]},
{"frame":21,"values":[1,-0.0036,0.0041,0,-0.004,0.0071,1,0,0.0036,1,-0.0071,0,0.25,0.0005,0.3045,1]},
{"frame":22,"values":[0.9998,-0.0144,0.0159,0,-0.0155,0.0273,0.9995,0,0.0148,0.9995,-0.0271,0,0.25,0.0021,0.2948,1]},
{"frame":23,"values":[0.999,-0.0304,0.0324,0,-0.0307,0.0534,0.9981,0,0.032,0.9981,-0.0525,0,0.25,0.004,0.2823,1]},
{"frame":24,"values":[0.9978,-0.0471,0.0473,0,-0.0437,0.0741,0.9963,0,0.0505,0.9961,-0.0719,0,0.25,0.0056,0.2726,1]},
{"frame":25,"values":[0.9965,-0.0614,0.056,0,-0.0509,0.0818,0.9954,0,0.0657,0.9948,-0.0784,0,0.25,0.0061,0.2691,1]},
{"frame":26,"values":[0.9954,-0.075,0.0597,0,-0.0542,0.0741,0.9958,0,0.0791,0.9944,-0.0697,0,0.25,0.0059,0.27,1]},
{"frame":27,"values":[0.9941,-0.0901,0.0611,0,-0.0566,0.0517,0.9971,0,0.093,0.9946,-0.0463,0,0.25,0.0052,0.2724,1]},
{"frame":28,"values":[0.9926,-0.1051,0.0606,0,-0.0585,0.0227,0.998,0,0.1062,0.9942,-0.0164,0,0.25,0.0043,0.2758,1]},
{"frame":29,"values":[0.9912,-0.1179,0.0601,0,-0.0605,0.0002,0.9982,0,0.1177,0.993,0.007,0,0.25,0.0035,0.2789,1]},
{"frame":30,"values":[0.9899,-0.1278,0.0612,0,-0.0627,-0.0075,0.998,0,0.1271,0.9918,0.0155,0,0.25,0.0033,0.2809,1]},
{"frame":31,"values":[0.9887,-0.136,0.0633,0,-0.0648,-0.0068,0.9979,0,0.1353,0.9907,0.0156,0,0.25,0.0034,0.2821,1]},
{"frame":32,"values":[0.9874,-0.144,0.0651,0,-0.0666,-0.0056,0.9978,0,0.1433,0.9896,0.0151,0,0.25,0.0036,0.2831,1]},
{"frame":33,"values":[0.9862,-0.1516,0.0667,0,-0.068,-0.0037,0.9977,0,0.151,0.9884,0.0139,0,0.25,0.004,0.2839,1]},
{"frame":34,"values":[0.985,-0.1588,0.0681,0,-0.0692,-0.0012,0.9976,0,0.1583,0.9873,0.0122,0,0.25,0.0046,0.2846,1]},
{"frame":35,"values":[0.9838,-0.1655,0.0694,0,-0.0701,0.0018,0.9975,0,0.1652,0.9862,0.0099,0,0.25,0.0053,0.2852,1]},
{"frame":36,"values":[0.9826,-0.1718,0.0707,0,-0.0709,0.0052,0.9975,0,0.1717,0.9851,0.007,0,0.25,0.0062,0.2856,1]},
{"frame":37,"values":[0.9815,-0.1775,0.072,0,-0.0715,0.0092,0.9974,0,0.1777,0.9841,0.0037,0,0.25,0.0072,0.2858,1]},
{"frame":38,"values":[0.9804,-0.1827,0.0733,0,-0.0721,0.0134,0.9973,0,0.1832,0.9831,0,0,0.25,0.0083,0.2859,1]},
{"frame":39,"values":[0.9794,-0.1873,0.0749,0,-0.0728,0.018,0.9972,0,0.1881,0.9821,-0.004,0,0.25,0.0095,0.286,1]},
{"frame":40,"values":[0.9785,-0.1913,0.0767,0,-0.0738,0.0226,0.997,0,0.1924,0.9813,-0.008,0,0.25,0.0107,0.286,1]},
{"frame":41,"values":[0.9777,-0.1947,0.0789,0,-0.075,0.0273,0.9968,0,0.1962,0.9805,-0.0121,0,0.25,0.0119,0.2861,1]},
{"frame":42,"values":[0.9769,-0.1975,0.0816,0,-0.0768,0.0319,0.9965,0,0.1994,0.9798,-0.016,0,0.25,0.013,0.2861,1]},
{"frame":43,"values":[0.9762,-0.1998,0.0847,0,-0.079,0.0362,0.9962,0,0.2021,0.9792,-0.0196,0,0.25,0.0141,0.2863,1]},
{"frame":44,"values":[0.9755,-0.2016,0.0883,0,-0.0818,0.0403,0.9958,0,0.2043,0.9786,-0.0228,0,0.25,0.0151,0.2865,1]},
{"frame":45,"values":[0.9748,-0.203,0.0925,0,-0.0853,0.0439,0.9954,0,0.2061,0.9782,-0.0255,0,0.25,0.016,0.2868,1]},
{"frame":46,"values":[0.9741,-0.2039,0.0973,0,-0.0895,0.0471,0.9949,0,0.2075,0.9779,-0.0276,0,0.25,0.0167,0.2873,1]},
{"frame":47,"values":[0.9735,-0.2046,0.1027,0,-0.0944,0.0497,0.9943,0,0.2085,0.9776,-0.0291,0,0.25,0.0173,0.288,1]},
{"frame":48,"values":[0.9727,-0.2049,0.1086,0,-0.1,0.0518,0.9936,0,0.2092,0.9774,-0.03,0,0.25,0.0177,0.2888,1]},
{"frame":49,"values":[0.972,-0.205,0.115,0,-0.1062,0.0534,0.9929,0,0.2097,0.9773,-0.0302,0,0.25,0.0179,0.2897,1]},
{"frame":50,"values":[0.9712,-0.205,0.1219,0,-0.113,0.0545,0.9921,0,0.21,0.9773,-0.0297,0,0.25,0.018,0.2909,1]},
{"frame":51,"values":[0.9702,-0.2048,0.1298,0,-0.121,0.0548,0.9911,0,0.2101,0.9773,-0.0284,0,0.2499,0.0179,0.2922,1]},
{"frame":52,"values":[0.9689,-0.2047,0.1392,0,-0.1307,0.0543,0.9899,0,0.2102,0.9773,-0.0259,0,0.2494,0.0176,0.2936,1]},
{"frame":53,"values":[0.9673,-0.2046,0.15,0,-0.1421,0.053,0.9884,0,0.2102,0.9774,-0.0222,0,0.2486,0.0171,0.2953,1]},
{"frame":54,"values":[0.9653,-0.2045,0.1623,0,-0.1552,0.0508,0.9866,0,0.21,0.9775,-0.0173,0,0.2475,0.0163,0.2971,1]},
{"frame":55,"values":[0.9629,-0.2045,0.1761,0,-0.1698,0.0477,0.9843,0,0.2097,0.9777,-0.0112,0,0.2461,0.0154,0.2991,1]},
{"frame":56,"values":[0.96,-0.2044,0.1911,0,-0.1861,0.0438,0.9816,0,0.209,0.9779,-0.004,0,0.2444,0.0142,0.3013,1]},
{"frame":57,"values":[0.9567,-0.2043,0.2075,0,-0.2038,0.0391,0.9782,0,0.208,0.9781,0.0042,0,0.2423,0.0129,0.3036,1]},
{"frame":58,"values":[0.9527,-0.2042,0.225,0,-0.2229,0.0336,0.9743,0,0.2065,0.9783,0.0135,0,0.24,0.0113,0.306,1]},
{"frame":59,"values":[0.9482,-0.2041,0.2435,0,-0.2432,0.0273,0.9696,0,0.2046,0.9786,0.0237,0,0.2373,0.0096,0.3086,1]},
{"frame":60,"values":[0.943,-0.204,0.2629,0,-0.2645,0.0203,0.9642,0,0.202,0.9788,0.0348,0,0.2343,0.0077,0.3112,1]},
{"frame":61,"values":[0.9372,-0.2038,0.283,0,-0.2865,0.0127,0.958,0,0.1988,0.9789,0.0465,0,0.231,0.0057,0.314,1]},
{"frame":62,"values":[0.9308,-0.2035,0.3036,0,-0.3092,0.0046,0.951,0,0.1949,0.9791,0.0587,0,0.2275,0.0036,0.3168,1]},
{"frame":63,"values":[0.9239,-0.2031,0.3244,0,-0.3321,-0.004,0.9432,0,0.1903,0.9791,0.0712,0,0.2238,0.0013,0.3196,1]},
{"frame":64,"values":[0.9164,-0.2026,0.3452,0,-0.355,-0.013,0.9348,0,0.1849,0.9792,0.0838,0,0.2199,-0.0009,0.3224,1]},
{"frame":65,"values":[0.9086,-0.2018,0.3657,0,-0.3776,-0.0222,0.9257,0,0.1787,0.9792,0.0964,0,0.2158,-0.0033,0.3252,1]},
{"frame":66,"values":[0.9005,-0.2008,0.3858,0,-0.3996,-0.0316,0.9161,0,0.1718,0.9791,0.1087,0,0.2116,-0.0056,0.328,1]},
{"frame":67,"values":[0.8922,-0.1995,0.4052,0,-0.4208,-0.041,0.9062,0,0.1642,0.979,0.1205,0,0.2073,-0.0079,0.3306,1]},
{"frame":68,"values":[0.8839,-0.1978,0.4238,0,-0.4409,-0.0503,0.8961,0,0.1559,0.9789,0.1317,0,0.203,-0.0101,0.3332,1]},
{"frame":69,"values":[0.8757,-0.1957,0.4413,0,-0.4598,-0.0595,0.886,0,0.1472,0.9789,0.1421,0,0.1987,-0.0122,0.3356,1]},
{"frame":70,"values":[0.8679,-0.1931,0.4577,0,-0.4772,-0.0684,0.8761,0,0.1379,0.9788,0.1515,0,0.1944,-0.0143,0.3379,1]},
{"frame":71,"values":[0.8605,-0.19,0.4728,0,-0.4931,-0.077,0.8665,0,0.1283,0.9788,0.1599,0,0.1902,-0.0162,0.3399,1]},
{"frame":72,"values":[0.8536,-0.1863,0.4865,0,-0.5073,-0.0852,0.8575,0,0.1184,0.9788,0.1672,0,0.1861,-0.0179,0.3418,1]},
{"frame":73,"values":[0.8474,-0.182,0.4988,0,-0.5198,-0.0929,0.8492,0,0.1082,0.9789,0.1733,0,0.1821,-0.0194,0.3435,1]},
{"frame":74,"values":[0.8419,-0.177,0.5097,0,-0.5306,-0.1001,0.8417,0,0.098,0.9791,0.1782,0,0.1783,-0.0208,0.3449,1]},
{"frame":75,"values":[0.8373,-0.1714,0.5191,0,-0.5396,-0.1067,0.8351,0,0.0877,0.9794,0.1818,0,0.1746,-0.0219,0.3462,1]},
{"frame":76,"values":[0.8336,-0.165,0.5271,0,-0.5469,-0.1128,0.8296,0,0.0774,0.9798,0.1843,0,0.1711,-0.0229,0.3472,1]},
{"frame":77,"values":[0.8309,-0.1579,0.5336,0,-0.5524,-0.1183,0.8251,0,0.0672,0.9803,0.1855,0,0.1678,-0.0236,0.3479,1]},
{"frame":78,"values":[0.829,-0.1501,0.5387,0,-0.5563,-0.1231,0.8218,0,0.057,0.981,0.1855,0,0.1647,-0.0241,0.3485,1]},
{"frame":79,"values":[0.8282,-0.1415,0.5423,0,-0.5585,-0.1273,0.8197,0,0.0469,0.9817,0.1844,0,0.1619,-0.0245,0.3488,1]},
{"frame":80,"values":[0.8282,-0.1322,0.5446,0,-0.5592,-0.1308,0.8187,0,0.037,0.9826,0.1822,0,0.1592,-0.0246,0.3489,1]},
{"frame":81,"values":[0.8288,-0.121,0.5463,0,-0.5589,-0.1332,0.8184,0,0.0263,0.9837,0.178,0,0.1567,-0.0245,0.3489,1]},
{"frame":82,"values":[0.8294,-0.1068,0.5484,0,-0.5585,-0.134,0.8186,0,0.014,0.9852,0.1708,0,0.1542,-0.0244,0.3488,1]},
{"frame":83,"values":[0.8299,-0.0896,0.5507,0,-0.558,-0.1331,0.8191,0,0.0001,0.987,0.1605,0,0.1517,-0.0242,0.3486,1]},
{"frame":84,"values":[0.8302,-0.0693,0.5532,0,-0.5573,-0.1307,0.82,0,-0.0154,0.989,0.1471,0,0.1493,-0.0239,0.3484,1]},
{"frame":85,"values":[0.8302,-0.0461,0.5555,0,-0.5565,-0.1266,0.8211,0,-0.0325,0.9909,0.1308,0,0.1469,-0.0235,0.348,1]},
{"frame":86,"values":[0.8298,-0.02,0.5576,0,-0.5557,-0.1209,0.8226,0,-0.0509,0.9925,0.1115,0,0.1445,-0.0231,0.3477,1]},
{"frame":87,"values":[0.829,0.0086,0.5592,0,-0.5548,-0.1136,0.8242,0,-0.0706,0.9935,0.0894,0,0.1422,-0.0226,0.3472,1]},
{"frame":88,"values":[0.8275,0.0395,0.5601,0,-0.554,-0.1049,0.8259,0,-0.0914,0.9937,0.0649,0,0.14,-0.022,0.3467,1]},
{"frame":89,"values":[0.8254,0.0723,0.56,0,-0.5532,-0.0949,0.8276,0,-0.1129,0.9929,0.0383,0,0.1378,-0.0213,0.3462,1]},
{"frame":90,"values":[0.8225,0.1064,0.5587,0,-0.5525,-0.0837,0.8293,0,-0.135,0.9908,0.0101,0,0.1356,-0.0206,0.3456,1]},
{"frame":91,"values":[0.8189,0.1412,0.5563,0,-0.552,-0.0716,0.8308,0,-0.1572,0.9874,-0.0193,0,0.1335,-0.0199,0.345,1]},
{"frame":92,"values":[0.8147,0.1762,0.5525,0,-0.5516,-0.0589,0.8321,0,-0.1791,0.9826,-0.0492,0,0.1314,-0.0191,0.3444,1]},
{"frame":93,"values":[0.8099,0.2106,0.5475,0,-0.5513,-0.0458,0.8331,0,-0.2005,0.9765,-0.0789,0,0.1294,-0.0184,0.3437,1]},
{"frame":94,"values":[0.8047,0.2438,0.5413,0,-0.551,-0.0327,0.8338,0,-0.221,0.9693,-0.108,0,0.1274,-0.0176,0.3431,1]},
{"frame":95,"values":[0.7993,0.2753,0.5342,0,-0.5508,-0.0198,0.8344,0,-0.2403,0.9612,-0.1358,0,0.1255,-0.0169,0.3425,1]},
{"frame":96,"values":[0.7939,0.3045,0.5263,0,-0.5506,-0.0074,0.8348,0,-0.2581,0.9525,-0.1617,0,0.1236,-0.0162,0.3419,1]},
{"frame":97,"values":[0.7887,0.331,0.518,0,-0.5502,0.0042,0.835,0,-0.2742,0.9436,-0.1855,0,0.1217,-0.0156,0.3413,1]},
{"frame":98,"values":[0.7839,0.3547,0.5096,0,-0.5497,0.015,0.8352,0,-0.2886,0.9349,-0.2067,0,0.1199,-0.015,0.3409,1]},
{"frame":99,"values":[0.7798,0.3752,0.5012,0,-0.5489,0.0246,0.8355,0,-0.3012,0.9266,-0.2251,0,0.1181,-0.0145,0.3404,1]},
{"frame":100,"values":[0.7763,0.3925,0.4932,0,-0.5478,0.0331,0.836,0,-0.3118,0.9191,-0.2407,0,0.1163,-0.014,0.34,1]},
{"frame":101,"values":[0.7738,0.4066,0.4857,0,-0.5463,0.0402,0.8366,0,-0.3206,0.9127,-0.2532,0,0.1145,-0.0136,0.3397,1]},
{"frame":102,"values":[0.7722,0.4174,0.479,0,-0.5444,0.046,0.8376,0,-0.3276,0.9075,-0.2628,0,0.1127,-0.0133,0.3395,1]},
{"frame":103,"values":[0.7717,0.4251,0.4731,0,-0.5421,0.0505,0.8388,0,-0.3327,0.9037,-0.2694,0,0.1109,-0.0131,0.3393,1]},
{"frame":104,"values":[0.7722,0.4297,0.4681,0,-0.5393,0.0535,0.8404,0,-0.336,0.9014,-0.2731,0,0.1092,-0.013,0.3392,1]},
{"frame":105,"values":[0.7737,0.4313,0.4641,0,-0.5361,0.0552,0.8424,0,-0.3377,0.9005,-0.2739,0,0.1074,-0.013,0.3392,1]},
{"frame":106,"values":[0.7763,0.4305,0.4605,0,-0.532,0.0556,0.8449,0,-0.3382,0.9009,-0.2722,0,0.1055,-0.0135,0.3401,1]},
{"frame":107,"values":[0.78,0.4279,0.4566,0,-0.5267,0.0547,0.8483,0,-0.338,0.9021,-0.2681,0,0.1035,-0.0151,0.3426,1]},
{"frame":108,"values":[0.7847,0.4236,0.4526,0,-0.5201,0.0526,0.8525,0,-0.3373,0.9043,-0.2615,0,0.1017,-0.0172,0.3459,1]},
{"frame":109,"values":[0.7905,0.4173,0.4484,0,-0.5122,0.049,0.8575,0,-0.3359,0.9074,-0.2525,0,0.1006,-0.0188,0.3484,1]},
{"frame":110,"values":[0.7971,0.4093,0.4439,0,-0.5032,0.0439,0.863,0,-0.3337,0.9114,-0.241,0,0.1002,-0.0193,0.3493,1]},
{"frame":111,"values":[0.8046,0.3995,0.4393,0,-0.4931,0.0373,0.8692,0,-0.3308,0.916,-0.227,0,0.1008,-0.0193,0.3492,1]},
{"frame":112,"values":[0.8127,0.3881,0.4346,0,-0.4821,0.0291,0.8756,0,-0.3272,0.9211,-0.2108,0,0.1025,-0.0193,0.3489,1]},
{"frame":113,"values":[0.8213,0.3754,0.4296,0,-0.4704,0.0194,0.8822,0,-0.3228,0.9267,-0.1925,0,0.1054,-0.0193,0.3483,1]},
{"frame":114,"values":[0.8301,0.3615,0.4246,0,-0.4582,0.0082,0.8888,0,-0.3178,0.9323,-0.1725,0,0.1093,-0.0193,0.3474,1]},
{"frame":115,"values":[0.8389,0.3468,0.4195,0,-0.4459,-0.0043,0.8951,0,-0.3122,0.9379,-0.1511,0,0.1142,-0.0193,0.3463,1]},
{"frame":116,"values":[0.8474,0.3317,0.4145,0,-0.4337,-0.0178,0.9009,0,-0.3062,0.9432,-0.1288,0,0.1199,-0.0193,0.3449,1]},
{"frame":117,"values":[0.8555,0.3166,0.4097,0,-0.422,-0.0322,0.906,0,-0.3001,0.948,-0.106,0,0.126,-0.0193,0.3431,1]},
{"frame":118,"values":[0.863,0.3017,0.4053,0,-0.411,-0.0472,0.9104,0,-0.2938,0.9522,-0.0833,0,0.1323,-0.0193,0.3411,1]},
{"frame":119,"values":[0.8697,0.2875,0.4013,0,-0.4011,-0.0625,0.9139,0,-0.2878,0.9557,-0.061,0,0.1385,-0.0193,0.3389,1]},
{"frame":120,"values":[0.8755,0.2741,0.3979,0,-0.3922,-0.0777,0.9166,0,-0.2822,0.9585,-0.0395,0,0.1441,-0.0193,0.3364,1]},
{"frame":121,"values":[0.8805,0.2619,0.3953,0,-0.3847,-0.0927,0.9184,0,-0.2771,0.9606,-0.0191,0,0.149,-0.0193,0.3338,1]},
{"frame":122,"values":[0.8845,0.2508,0.3934,0,-0.3785,-0.1073,0.9194,0,-0.2728,0.9621,0,0,0.153,-0.0193,0.3311,1]},
{"frame":123,"values":[0.8876,0.241,0.3924,0,-0.3736,-0.1213,0.9196,0,-0.2693,0.9629,0.0176,0,0.1558,-0.0193,0.3283,1]},
{"frame":124,"values":[0.8899,0.2326,0.3924,0,-0.3701,-0.1346,0.9192,0,-0.2666,0.9632,0.0337,0,0.1575,-0.0193,0.3254,1]},
{"frame":125,"values":[0.8913,0.2255,0.3933,0,-0.368,-0.1471,0.9181,0,-0.2649,0.9631,0.0481,0,0.1581,-0.0193,0.3226,1]},
{"frame":126,"values":[0.8917,0.2194,0.3959,0,-0.3671,-0.1613,0.9161,0,-0.2648,0.9622,0.0633,0,0.1578,-0.02,0.3188,1]},
{"frame":127,"values":[0.891,0.214,0.4004,0,-0.3674,-0.1784,0.9128,0,-0.2667,0.9604,0.0803,0,0.1569,-0.0218,0.3136,1]},
{"frame":128,"values":[0.8897,0.2096,0.4055,0,-0.3685,-0.1945,0.909,0,-0.2694,0.9583,0.0958,0,0.1557,-0.0241,0.3082,1]},
{"frame":129,"values":[0.8887,0.2064,0.4093,0,-0.3697,-0.2051,0.9062,0,-0.271,0.9567,0.106,0,0.1548,-0.0259,0.3044,1]},
{"frame":130,"values":[0.8887,0.2041,0.4106,0,-0.3704,-0.2083,0.9052,0,-0.2703,0.9565,0.1095,0,0.1544,-0.0266,0.3031,1]},
{"frame":131,"values":[0.8922,0.2059,0.4019,0,-0.3649,-0.1957,0.9103,0,-0.2661,0.9588,0.0995,0,0.1559,-0.0228,0.3036,1]},
{"frame":132,"values":[0.9015,0.2143,0.3759,0,-0.3476,-0.1587,0.9241,0,-0.2577,0.9638,0.0686,0,0.1602,-0.0116,0.305,1]},
{"frame":133,"values":[0.9148,0.2258,0.3349,0,-0.3199,-0.101,0.9421,0,-0.2465,0.9689,0.0202,0,0.1669,0.0055,0.3071,1]},
{"frame":134,"values":[0.9287,0.2357,0.2863,0,-0.2866,-0.0337,0.9575,0,-0.2353,0.9712,-0.0363,0,0.1748,0.0248,0.3095,1]},
{"frame":135,"values":[0.9402,0.2405,0.2414,0,-0.2553,0.0279,0.9665,0,-0.2257,0.9702,-0.0876,0,0.1822,0.0418,0.3117,1]},
{"frame":136,"values":[0.9478,0.2402,0.2098,0,-0.2327,0.0712,0.9699,0,-0.218,0.9681,-0.1233,0,0.1877,0.053,0.3131,1]},
{"frame":137,"values":[0.9518,0.2362,0.1959,0,-0.2223,0.0907,0.9708,0,-0.2115,0.9675,-0.1388,0,0.1908,0.0568,0.3135,1]},
{"frame":138,"values":[0.9541,0.2304,0.1915,0,-0.2185,0.0979,0.9709,0,-0.205,0.9681,-0.1438,0,0.1924,0.0567,0.3135,1]},
{"frame":139,"values":[0.9563,0.2239,0.1879,0,-0.2153,0.1047,0.9709,0,-0.1977,0.969,-0.1484,0,0.1938,0.0562,0.3135,1]},
{"frame":140,"values":[0.9585,0.2167,0.1852,0,-0.2127,0.1111,0.9708,0,-0.1898,0.9699,-0.1526,0,0.1949,0.0553,0.3135,1]},
{"frame":141,"values":[0.9607,0.2086,0.1832,0,-0.2106,0.1171,0.9705,0,-0.181,0.971,-0.1564,0,0.1956,0.0541,0.3135,1]},
{"frame":142,"values":[0.9628,0.1999,0.1821,0,-0.2089,0.1225,0.9702,0,-0.1717,0.9721,-0.1597,0,0.1961,0.0525,0.3135,1]},
{"frame":143,"values":[0.9647,0.1905,0.1815,0,-0.2077,0.1275,0.9699,0,-0.1617,0.9734,-0.1625,0,0.1963,0.0507,0.3135,1]},
{"frame":144,"values":[0.9666,0.1806,0.1816,0,-0.2068,0.1319,0.9695,0,-0.1511,0.9747,-0.1648,0,0.1963,0.0488,0.3135,1]},
{"frame":145,"values":[0.9684,0.1703,0.1821,0,-0.2061,0.1358,0.9691,0,-0.1403,0.976,-0.1666,0,0.1963,0.0469,0.3135,1]},
{"frame":146,"values":[0.9701,0.1597,0.1828,0,-0.2055,0.1392,0.9687,0,-0.1293,0.9773,-0.1679,0,0.1961,0.0448,0.3135,1]},
{"frame":147,"values":[0.9716,0.1491,0.1836,0,-0.2048,0.1421,0.9684,0,-0.1183,0.9786,-0.1686,0,0.1954,0.0425,0.3135,1]},
{"frame":148,"values":[0.9731,0.1385,0.1843,0,-0.204,0.1446,0.9682,0,-0.1074,0.9797,-0.169,0,0.1943,0.0399,0.3135,1]},
{"frame":149,"values":[0.9744,0.1282,0.1847,0,-0.2028,0.1467,0.9682,0,-0.097,0.9808,-0.169,0,0.1929,0.0371,0.3135,1]},
{"frame":150,"values":[0.9757,0.1183,0.1846,0,-0.2012,0.1485,0.9682,0,-0.0871,0.9818,-0.1687,0,0.1913,0.0341,0.3135,1]},
{"frame":151,"values":[0.9769,0.1089,0.1839,0,-0.199,0.1499,0.9685,0,-0.0779,0.9827,-0.1681,0,0.1896,0.0312,0.3135,1]},
{"frame":152,"values":[0.9781,0.1001,0.1826,0,-0.1963,0.1512,0.9688,0,-0.0694,0.9834,-0.1675,0,0.1882,0.0284,0.3135,1]},
{"frame":153,"values":[0.9793,0.092,0.1805,0,-0.193,0.1522,0.9693,0,-0.0617,0.9841,-0.1668,0,0.1871,0.0258,0.3135,1]},
{"frame":154,"values":[0.9804,0.0846,0.1778,0,-0.1891,0.1531,0.97,0,-0.0548,0.9846,-0.1661,0,0.1864,0.0236,0.3135,1]},
{"frame":155,"values":[0.9816,0.0778,0.1743,0,-0.1845,0.1539,0.9707,0,-0.0487,0.985,-0.1654,0,0.1862,0.0216,0.3135,1]},
{"frame":156,"values":[0.9829,0.0713,0.1698,0,-0.179,0.1537,0.9718,0,-0.0432,0.9855,-0.1639,0,0.1866,0.0198,0.3135,1]},
{"frame":157,"values":[0.9844,0.0647,0.1639,0,-0.1721,0.1518,0.9733,0,-0.0381,0.9863,-0.1606,0,0.1876,0.018,0.3134,1]},
{"frame":158,"values":[0.9859,0.0581,0.1567,0,-0.1638,0.1482,0.9753,0,-0.0334,0.9873,-0.1556,0,0.1894,0.0163,0.3133,1]},
{"frame":159,"values":[0.9876,0.0514,0.1482,0,-0.1542,0.1427,0.9777,0,-0.0291,0.9884,-0.1489,0,0.1919,0.0145,0.313,1]},
{"frame":160,"values":[0.9893,0.0449,0.1385,0,-0.1434,0.1355,0.9803,0,-0.0252,0.9898,-0.1405,0,0.195,0.0128,0.3128,1]},
{"frame":161,"values":[0.9911,0.0385,0.1276,0,-0.1315,0.1267,0.9832,0,-0.0217,0.9912,-0.1306,0,0.1988,0.0112,0.3124,1]},
{"frame":162,"values":[0.9928,0.0325,0.1157,0,-0.1187,0.1165,0.9861,0,-0.0186,0.9927,-0.1195,0,0.2031,0.0096,0.3121,1]},
{"frame":163,"values":[0.9943,0.0268,0.1031,0,-0.1054,0.105,0.9889,0,-0.0157,0.9941,-0.1072,0,0.2079,0.0082,0.3116,1]},
{"frame":164,"values":[0.9957,0.0217,0.09,0,-0.0917,0.0927,0.9915,0,-0.0131,0.9955,-0.0943,0,0.2129,0.0068,0.3112,1]},
{"frame":165,"values":[0.9969,0.017,0.0768,0,-0.078,0.0799,0.9938,0,-0.0108,0.9967,-0.081,0,0.2181,0.0055,0.3107,1]},
{"frame":166,"values":[0.9979,0.013,0.0639,0,-0.0646,0.067,0.9957,0,-0.0087,0.9977,-0.0677,0,0.2233,0.0044,0.3103,1]},
{"frame":167,"values":[0.9986,0.0097,0.0515,0,-0.0519,0.0544,0.9972,0,-0.0068,0.9985,-0.0548,0,0.2284,0.0034,0.3098,1]},
{"frame":168,"values":[0.9992,0.0069,0.04,0,-0.0402,0.0425,0.9983,0,-0.0052,0.9991,-0.0428,0,0.2331,0.0025,0.3094,1]},
{"frame":169,"values":[0.9996,0.0047,0.0296,0,-0.0297,0.0317,0.9991,0,-0.0038,0.9995,-0.0318,0,0.2374,0.0018,0.309,1]},
{"frame":170,"values":[0.9998,0.003,0.0206,0,-0.0207,0.0222,0.9995,0,-0.0026,0.9997,-0.0223,0,0.2412,0.0012,0.3087,1]},
{"frame":171,"values":[0.9999,0.0018,0.0132,0,-0.0132,0.0143,0.9998,0,-0.0016,0.9999,-0.0143,0,0.2443,0.0008,0.3084,1]},
{"frame":172,"values":[1,0.0009,0.0074,0,-0.0074,0.008,0.9999,0,-0.0009,1,-0.0081,0,0.2468,0.0004,0.3082,1]},
{"frame":173,"values":[1,0.0004,0.0033,0,-0.0033,0.0036,1,0,-0.0004,1,-0.0036,0,0.2486,0.0002,0.3081,1]},
{"frame":174,"values":[1,0.0001,0.0008,0,-0.0008,0.0009,1,0,-0.0001,1,-0.0009,0,0.2496,0,0.308,1]},
{"frame":175,"values":[1,0,0,0,0,0,1,0,0,1,0,0,0.25,0,0.3079,1]}],"loopBehavior":1,"name":"anim","property":"_matrix"}},
{"name":"grip_hand_target","index":1,"matrix":[1,0,0,0,0,-0.4729,-0.8811,0,0,0.8811,-0.4729,0,0,-0.0998,-0.0598,1],"rest":[1,0,0,0,0,-0.0123,-0.9999,0,0,0.9999,-0.0123,0,0,-0.1185,-0.0396,1],"parentBoneIndex":0,"length":0.0669
,"animation":{"dataType":3,"framePerSecond":60,"keys":[
{"frame":0,"values":[1,0,0,0,0,-0.4729,-0.8811,0,0,0.8811,-0.4729,0,0,-0.0998,-0.0598,1]},
{"frame":10,"values":[1,0,0,0,0,-0.4729,-0.8811,0,0,0.8811,-0.4729,0,0,-0.0998,-0.0598,1]},
{"frame":20,"values":[1,0,0,0,0,-0.4729,-0.8811,0,0,0.8811,-0.4729,0,0,-0.0998,-0.0598,1]},
{"frame":175,"values":[1,0,0,0,0,-0.4729,-0.8811,0,0,0.8811,-0.4729,0,0,-0.0998,-0.0598,1]}],"loopBehavior":1,"name":"anim","property":"_matrix"}},
{"name":"forestock","index":2,"matrix":[1,0,0,0,0,1,0,0,0,0,1,0,0,0.0782,-0.0463,1],"rest":[1,0,0,0,0,1,0,0,0,0,1,0,0,0.0782,-0.0463,1],"parentBoneIndex":0,"length":0.0396
,"animation":{"dataType":3,"framePerSecond":60,"keys":[
{"frame":0,"values":[1,0,0,0,0,1,0,0,0,0,1,0,0,0.0782,-0.0463,1]},
{"frame":10,"values":[1,0,0,0,0,1,0,0,0,0,1,0,0,0.0782,-0.0463,1]},
{"frame":20,"values":[1,0,0,0,0,1,0,0,0,0,1,0,0,0.0782,-0.0463,1]},
{"frame":21,"values":[1,0,0,0,0,0.9993,-0.0385,0,0,0.0385,0.9993,0,0,0.0782,-0.0463,1]},
{"frame":22,"values":[1,0,0,0,0,0.9891,-0.1472,0,0,0.1472,0.9891,0,0,0.0782,-0.0463,1]},
{"frame":23,"values":[1,0,0,0,0,0.9587,-0.2846,0,0,0.2846,0.9587,0,0,0.0782,-0.0463,1]},
{"frame":24,"values":[1,0,0,0,0,0.9219,-0.3874,0,0,0.3874,0.9219,0,0,0.0782,-0.0463,1]},
{"frame":25,"values":[1,0,0,0,0,0.9063,-0.4226,0,0,0.4226,0.9063,0,0,0.0782,-0.0463,1]},
{"frame":135,"values":[1,0,0,0,0,0.9173,-0.3982,0,0,0.3982,0.9173,0,0,0.0782,-0.0463,1]},
{"frame":136,"values":[1,0,0,0,0,0.9456,-0.3252,0,0,0.3252,0.9456,0,0,0.0782,-0.0463,1]},
{"frame":137,"values":[1,0,0,0,0,0.9763,-0.2164,0,0,0.2164,0.9763,0,0,0.0782,-0.0463,1]},
{"frame":138,"values":[1,0,0,0,0,0.9945,-0.1049,0,0,0.1049,0.9945,0,0,0.0782,-0.0463,1]},
{"frame":139,"values":[1,0,0,0,0,0.9996,-0.0268,0,0,0.0268,0.9996,0,0,0.0782,-0.0463,1]},
{"frame":140,"values":[1,0,0,0,0,1,0,0,0,0,1,0,0,0.0782,-0.0463,1]},
{"frame":175,"values":[1,0,0,0,0,1,0,0,0,0,1,0,0,0.0782,-0.0463,1]}],"loopBehavior":1,"name":"anim","property":"_matrix"}},
{"name":"forestock_grip_target","index":3,"matrix":[1,0,0,0,0,0.9975,0.0707,0,0,-0.0707,0.9975,0,0,0.0855,0.002,1],"rest":[1,0,0,0,0,1,0,0,0,0,1,0,0,0.0476,-0.0026,1],"parentBoneIndex":2,"length":0.1141
,"animation":{"dataType":3,"framePerSecond":60,"keys":[
{"frame":0,"values":[1,0,0,0,0,0.9975,0.0707,0,0,-0.0707,0.9975,0,0,0.0855,0.002,1]},
{"frame":10,"values":[1,0,0,0,0,0.9975,0.0707,0,0,-0.0707,0.9975,0,0,0.0855,0.002,1]},
{"frame":20,"values":[1,0,0,0,0,0.9975,0.0707,0,0,-0.0707,0.9975,0,0,0.0855,0.002,1]},
{"frame":175,"values":[1,0,0,0,0,0.9975,0.0707,0,0,-0.0707,0.9975,0,0,0.0855,0.002,1]}],"loopBehavior":1,"name":"anim","property":"_matrix"}},
{"name":"reload","index":4,"matrix":[1,0,0,0,0,1,0,0,0,0,1,0,0,-0.146,0.0432,1],"rest":[1,0,0,0,0,1,0,0,0,0,1,0,0,-0.146,0.0432,1],"parentBoneIndex":2,"length":0.0564
,"animation":{"dataType":3,"framePerSecond":60,"keys":[
{"frame":0,"values":[1,0,0,0,0,1,0,0,0,0,1,0,0,-0.146,0.0432,1]},
{"frame":10,"values":[1,0,0,0,0,1,0,0,0,0,1,0,0,-0.146,0.0432,1]},
{"frame":20,"values":[1,0,0,0,0,1,0,0,0,0,1,0,0,-0.146,0.0432,1]},
{"frame":175,"values":[1,0,0,0,0,1,0,0,0,0,1,0,0,-0.146,0.0432,1]}],"loopBehavior":1,"name":"anim","property":"_matrix"}},
{"name":"gripHand","index":5,"matrix":[1,0,0,0,0,-0.8811,-0.4729,0,0,-0.4729,0.8811,0,0.25,-0.0598,0.2081,1],"rest":[1,0,-0.0001,0,0,-1,0,0,0.0001,0,1,0,0.25,0,0.25,1],"parentBoneIndex":-1,"length":0.05
,"animation":{"dataType":3,"framePerSecond":60,"keys":[
{"frame":0,"values":[1,0,0,0,0,-0.8811,-0.4729,0,0,-0.4729,0.8811,0,0.25,-0.0598,0.2081,1]},
{"frame":1,"values":[1,-0.005,0.002,0,-0.0036,-0.8969,-0.4422,0,-0.004,-0.4422,0.8969,0,0.2499,-0.0554,0.1894,1]},
{"frame":2,"values":[1,-0.0047,0.0019,0,-0.0033,-0.8959,-0.4442,0,-0.0038,-0.4442,0.8959,0,0.2499,-0.0557,0.1906,1]},
{"frame":3,"values":[1,-0.004,0.0016,0,-0.0028,-0.8939,-0.4482,0,-0.0032,-0.4482,0.8939,0,0.2499,-0.0563,0.1931,1]},
{"frame":4,"values":[1,-0.0032,0.0013,0,-0.0023,-0.8915,-0.4531,0,-0.0026,-0.4531,0.8915,0,0.2499,-0.057,0.196,1]},
{"frame":5,"values":[1,-0.0024,0.001,0,-0.0017,-0.8889,-0.458,0,-0.002,-0.458,0.8889,0,0.2499,-0.0577,0.199,1]},
{"frame":6,"values":[1,-0.0017,0.0007,0,-0.0012,-0.8865,-0.4627,0,-0.0014,-0.4627,0.8865,0,0.25,-0.0584,0.2019,1]},
{"frame":7,"values":[1,-0.001,0.0004,0,-0.0007,-0.8844,-0.4668,0,-0.0008,-0.4667,0.8844,0,0.25,-0.059,0.2043,1]},
{"frame":8,"values":[1,-0.0005,0.0002,0,-0.0003,-0.8827,-0.47,0,-0.0004,-0.47,0.8827,0,0.25,-0.0594,0.2063,1]},
{"frame":9,"values":[1,-0.0001,0,0,-0.0001,-0.8816,-0.4721,0,-0.0001,-0.4721,0.8816,0,0.25,-0.0597,0.2076,1]},
{"frame":10,"values":[1,0,0,0,0,-0.8811,-0.4729,0,0,-0.4729,0.8811,0,0.25,-0.0598,0.2081,1]},
{"frame":20,"values":[1,0,0,0,0,-0.8811,-0.4729,0,0,-0.4729,0.8811,0,0.25,-0.0598,0.2081,1]},
{"frame":21,"values":[1,-0.0036,0.0041,0,-0.0013,-0.8845,-0.4666,0,-0.0053,-0.4666,0.8845,0,0.2502,-0.06,0.2051,1]},
{"frame":22,"values":[0.9998,-0.0144,0.0159,0,-0.0057,-0.8936,-0.4488,0,-0.0207,-0.4486,0.8935,0,0.2507,-0.0605,0.1966,1]},
{"frame":23,"values":[0.999,-0.0304,0.0324,0,-0.0137,-0.9047,-0.4257,0,-0.0422,-0.4249,0.9043,0,0.2512,-0.061,0.1858,1]},
{"frame":24,"values":[0.9978,-0.0471,0.0473,0,-0.0238,-0.9128,-0.4078,0,-0.0624,-0.4057,0.9119,0,0.2513,-0.0614,0.1774,1]},
{"frame":25,"values":[0.9965,-0.0614,0.056,0,-0.0339,-0.9152,-0.4016,0,-0.0759,-0.3983,0.9141,0,0.2511,-0.0616,0.1745,1]},
{"frame":26,"values":[0.9954,-0.075,0.0597,0,-0.0441,-0.9113,-0.4094,0,-0.0851,-0.4049,0.9104,0,0.2507,-0.0611,0.1747,1]},
{"frame":27,"values":[0.9941,-0.0901,0.0611,0,-0.0552,-0.9008,-0.4307,0,-0.0938,-0.4247,0.9004,0,0.2501,-0.0595,0.1757,1]},
{"frame":28,"values":[0.9926,-0.1051,0.0606,0,-0.0659,-0.8868,-0.4575,0,-0.1018,-0.4501,0.8872,0,0.2495,-0.0575,0.1771,1]},
{"frame":29,"values":[0.9912,-0.1179,0.0601,0,-0.0751,-0.8751,-0.4781,0,-0.109,-0.4694,0.8762,0,0.249,-0.0559,0.1788,1]},
{"frame":30,"values":[0.9899,-0.1278,0.0612,0,-0.0823,-0.8703,-0.4856,0,-0.1153,-0.4756,0.8721,0,0.2487,-0.0553,0.1803,1]},
{"frame":31,"values":[0.9887,-0.136,0.0633,0,-0.0886,-0.8697,-0.4856,0,-0.1211,-0.4745,0.8719,0,0.2484,-0.0552,0.1815,1]},
{"frame":32,"values":[0.9874,-0.144,0.0651,0,-0.0948,-0.8693,-0.4851,0,-0.1264,-0.4728,0.872,0,0.2481,-0.055,0.1826,1]},
{"frame":33,"values":[0.9862,-0.1516,0.0667,0,-0.1009,-0.8692,-0.484,0,-0.1313,-0.4706,0.8725,0,0.2478,-0.0548,0.1835,1]},
{"frame":34,"values":[0.985,-0.1588,0.0681,0,-0.1068,-0.8694,-0.4825,0,-0.1358,-0.4679,0.8733,0,0.2474,-0.0544,0.1843,1]},
{"frame":35,"values":[0.9838,-0.1655,0.0694,0,-0.1124,-0.8698,-0.4804,0,-0.1399,-0.4648,0.8743,0,0.2471,-0.0539,0.185,1]},
{"frame":36,"values":[0.9826,-0.1718,0.0707,0,-0.1178,-0.8705,-0.4778,0,-0.1436,-0.4612,0.8756,0,0.2468,-0.0533,0.1856,1]},
{"frame":37,"values":[0.9815,-0.1775,0.072,0,-0.1228,-0.8714,-0.4749,0,-0.147,-0.4572,0.8771,0,0.2465,-0.0526,0.186,1]},
{"frame":38,"values":[0.9804,-0.1827,0.0733,0,-0.1273,-0.8726,-0.4716,0,-0.1502,-0.453,0.8788,0,0.2462,-0.0519,0.1864,1]},
{"frame":39,"values":[0.9794,-0.1873,0.0749,0,-0.1313,-0.8739,-0.468,0,-0.1531,-0.4486,0.8805,0,0.246,-0.0511,0.1867,1]},
{"frame":40,"values":[0.9785,-0.1913,0.0767,0,-0.1347,-0.8753,-0.4644,0,-0.156,-0.444,0.8823,0,0.2458,-0.0503,0.187,1]},
{"frame":41,"values":[0.9777,-0.1947,0.0789,0,-0.1374,-0.8769,-0.4607,0,-0.1589,-0.4396,0.8841,0,0.2457,-0.0495,0.1873,1]},
{"frame":42,"values":[0.9769,-0.1975,0.0816,0,-0.1394,-0.8784,-0.4571,0,-0.1619,-0.4352,0.8857,0,0.2457,-0.0488,0.1876,1]},
{"frame":43,"values":[0.9762,-0.1998,0.0847,0,-0.1407,-0.8799,-0.4538,0,-0.1652,-0.4311,0.8871,0,0.2458,-0.0481,0.188,1]},
{"frame":44,"values":[0.9755,-0.2016,0.0883,0,-0.1413,-0.8814,-0.4508,0,-0.1687,-0.4273,0.8882,0,0.2459,-0.0475,0.1884,1]},
{"frame":45,"values":[0.9748,-0.203,0.0925,0,-0.1412,-0.8827,-0.4482,0,-0.1727,-0.4239,0.8891,0,0.2462,-0.0469,0.189,1]},
{"frame":46,"values":[0.9741,-0.2039,0.0973,0,-0.1405,-0.8839,-0.4461,0,-0.177,-0.4209,0.8897,0,0.2465,-0.0465,0.1896,1]},
{"frame":47,"values":[0.9735,-0.2046,0.1027,0,-0.1391,-0.8849,-0.4445,0,-0.1818,-0.4184,0.8899,0,0.2469,-0.0462,0.1904,1]},
{"frame":48,"values":[0.9727,-0.2049,0.1086,0,-0.1371,-0.8858,-0.4435,0,-0.187,-0.4165,0.8897,0,0.2475,-0.046,0.1914,1]},
{"frame":49,"values":[0.972,-0.205,0.115,0,-0.1346,-0.8864,-0.4429,0,-0.1927,-0.415,0.8892,0,0.248,-0.0459,0.1924,1]},
{"frame":50,"values":[0.9712,-0.205,0.1219,0,-0.1316,-0.8869,-0.4429,0,-0.1989,-0.4141,0.8882,0,0.2487,-0.0459,0.1936,1]},
{"frame":51,"values":[0.9702,-0.2048,0.1298,0,-0.1279,-0.887,-0.4437,0,-0.206,-0.4138,0.8867,0,0.2494,-0.046,0.1949,1]},
{"frame":52,"values":[0.9689,-0.2047,0.1392,0,-0.1234,-0.8868,-0.4453,0,-0.2146,-0.4143,0.8845,0,0.2499,-0.0463,0.1964,1]},
{"frame":53,"values":[0.9673,-0.2046,0.15,0,-0.118,-0.8863,-0.4479,0,-0.2246,-0.4155,0.8814,0,0.2502,-0.0467,0.198,1]},
{"frame":54,"values":[0.9653,-0.2045,0.1623,0,-0.1117,-0.8854,-0.4513,0,-0.236,-0.4175,0.8775,0,0.2505,-0.0472,0.1997,1]},
{"frame":55,"values":[0.9629,-0.2045,0.1761,0,-0.1044,-0.8841,-0.4555,0,-0.2488,-0.4203,0.8726,0,0.2505,-0.0479,0.2015,1]},
{"frame":56,"values":[0.96,-0.2044,0.1911,0,-0.0962,-0.8824,-0.4606,0,-0.2628,-0.4238,0.8668,0,0.2505,-0.0487,0.2035,1]},
{"frame":57,"values":[0.9567,-0.2043,0.2075,0,-0.0869,-0.8804,-0.4663,0,-0.2779,-0.4281,0.86,0,0.2502,-0.0496,0.2056,1]},
{"frame":58,"values":[0.9527,-0.2042,0.225,0,-0.0766,-0.8779,-0.4726,0,-0.2941,-0.433,0.8521,0,0.2499,-0.0506,0.2079,1]},
{"frame":59,"values":[0.9482,-0.2041,0.2435,0,-0.0653,-0.8752,-0.4794,0,-0.311,-0.4387,0.8431,0,0.2493,-0.0517,0.2103,1]},
{"frame":60,"values":[0.943,-0.204,0.2629,0,-0.053,-0.872,-0.4866,0,-0.3286,-0.4449,0.8331,0,0.2486,-0.0529,0.2129,1]},
{"frame":61,"values":[0.9372,-0.2038,0.283,0,-0.0397,-0.8686,-0.4939,0,-0.3465,-0.4517,0.8221,0,0.2478,-0.0541,0.2155,1]},
{"frame":62,"values":[0.9308,-0.2035,0.3036,0,-0.0256,-0.8649,-0.5014,0,-0.3646,-0.4589,0.8102,0,0.2467,-0.0555,0.2183,1]},
{"frame":63,"values":[0.9239,-0.2031,0.3244,0,-0.0106,-0.8609,-0.5087,0,-0.3826,-0.4666,0.7975,0,0.2456,-0.0568,0.2212,1]},
{"frame":64,"values":[0.9164,-0.2026,0.3452,0,0.005,-0.8566,-0.5159,0,-0.4002,-0.4745,0.784,0,0.2443,-0.0582,0.2241,1]},
{"frame":65,"values":[0.9086,-0.2018,0.3657,0,0.0211,-0.8523,-0.5227,0,-0.4172,-0.4826,0.7701,0,0.2428,-0.0596,0.227,1]},
{"frame":66,"values":[0.9005,-0.2008,0.3858,0,0.0376,-0.8478,-0.529,0,-0.4333,-0.4908,0.7559,0,0.2412,-0.061,0.23,1]},
{"frame":67,"values":[0.8922,-0.1995,0.4052,0,0.0543,-0.8433,-0.5347,0,-0.4484,-0.4991,0.7415,0,0.2395,-0.0624,0.233,1]},
{"frame":68,"values":[0.8839,-0.1978,0.4238,0,0.0711,-0.8388,-0.5398,0,-0.4623,-0.5073,0.7273,0,0.2377,-0.0637,0.2359,1]},
{"frame":69,"values":[0.8757,-0.1957,0.4413,0,0.0878,-0.8344,-0.5442,0,-0.4747,-0.5153,0.7135,0,0.2358,-0.0649,0.2387,1]},
{"frame":70,"values":[0.8679,-0.1931,0.4577,0,0.1042,-0.8301,-0.5478,0,-0.4857,-0.5231,0.7003,0,0.2338,-0.066,0.2413,1]},
{"frame":71,"values":[0.8605,-0.19,0.4728,0,0.1201,-0.826,-0.5507,0,-0.4952,-0.5306,0.6879,0,0.2317,-0.067,0.2439,1]},
{"frame":72,"values":[0.8536,-0.1863,0.4865,0,0.1356,-0.8222,-0.5528,0,-0.503,-0.5379,0.6765,0,0.2296,-0.0679,0.2462,1]},
{"frame":73,"values":[0.8474,-0.182,0.4988,0,0.1504,-0.8186,-0.5543,0,-0.5092,-0.5447,0.6663,0,0.2275,-0.0687,0.2483,1]},
{"frame":74,"values":[0.8419,-0.177,0.5097,0,0.1645,-0.8154,-0.555,0,-0.5139,-0.5512,0.6574,0,0.2254,-0.0694,0.2502,1]},
{"frame":75,"values":[0.8373,-0.1714,0.5191,0,0.1779,-0.8125,-0.5551,0,-0.5169,-0.5572,0.6499,0,0.2232,-0.0699,0.2519,1]},
{"frame":76,"values":[0.8336,-0.165,0.5271,0,0.1904,-0.81,-0.5546,0,-0.5185,-0.5627,0.6439,0,0.2211,-0.0703,0.2533,1]},
{"frame":77,"values":[0.8309,-0.1579,0.5336,0,0.202,-0.8079,-0.5536,0,-0.5185,-0.5678,0.6394,0,0.2189,-0.0705,0.2544,1]},
{"frame":78,"values":[0.829,-0.1501,0.5387,0,0.2128,-0.8062,-0.5521,0,-0.5171,-0.5723,0.6364,0,0.2169,-0.0706,0.2553,1]},
{"frame":79,"values":[0.8282,-0.1415,0.5423,0,0.2227,-0.8048,-0.5501,0,-0.5143,-0.5764,0.635,0,0.2148,-0.0705,0.2559,1]},
{"frame":80,"values":[0.8282,-0.1322,0.5446,0,0.2318,-0.8039,-0.5477,0,-0.5102,-0.5798,0.6352,0,0.2128,-0.0703,0.2563,1]},
{"frame":81,"values":[0.8288,-0.121,0.5463,0,0.2411,-0.8038,-0.5439,0,-0.5049,-0.5825,0.637,0,0.2109,-0.0701,0.2565,1]},
{"frame":82,"values":[0.8294,-0.1068,0.5484,0,0.2518,-0.8048,-0.5375,0,-0.4988,-0.5839,0.6405,0,0.2091,-0.07,0.2568,1]},
{"frame":83,"values":[0.8299,-0.0896,0.5507,0,0.2638,-0.8068,-0.5287,0,-0.4917,-0.584,0.6459,0,0.2074,-0.07,0.2572,1]},
{"frame":84,"values":[0.8302,-0.0693,0.5532,0,0.2771,-0.8097,-0.5174,0,-0.4838,-0.5828,0.6529,0,0.2058,-0.07,0.2577,1]},
{"frame":85,"values":[0.8302,-0.0461,0.5555,0,0.2918,-0.8132,-0.5035,0,-0.475,-0.5801,0.6617,0,0.2044,-0.0702,0.2582,1]},
{"frame":86,"values":[0.8298,-0.02,0.5576,0,0.3076,-0.8173,-0.4872,0,-0.4655,-0.5758,0.6721,0,0.2031,-0.0704,0.2589,1]},
{"frame":87,"values":[0.829,0.0086,0.5592,0,0.3246,-0.8217,-0.4685,0,-0.4555,-0.5699,0.6839,0,0.2019,-0.0707,0.2596,1]},
{"frame":88,"values":[0.8275,0.0395,0.5601,0,0.3425,-0.826,-0.4477,0,-0.4449,-0.5623,0.697,0,0.2008,-0.071,0.2604,1]},
{"frame":89,"values":[0.8254,0.0723,0.56,0,0.3611,-0.83,-0.4251,0,-0.434,-0.5531,0.7111,0,0.1998,-0.0713,0.2613,1]},
{"frame":90,"values":[0.8225,0.1064,0.5587,0,0.3802,-0.8335,-0.401,0,-0.423,-0.5423,0.7259,0,0.1989,-0.0716,0.2622,1]},
{"frame":91,"values":[0.8189,0.1412,0.5563,0,0.3995,-0.8362,-0.3758,0,-0.4121,-0.53,0.7411,0,0.198,-0.0718,0.2632,1]},
{"frame":92,"values":[0.8147,0.1762,0.5525,0,0.4186,-0.838,-0.3501,0,-0.4013,-0.5165,0.7564,0,0.1972,-0.0721,0.2642,1]},
{"frame":93,"values":[0.8099,0.2106,0.5475,0,0.4373,-0.8388,-0.3244,0,-0.3909,-0.5021,0.7714,0,0.1964,-0.0723,0.2653,1]},
{"frame":94,"values":[0.8047,0.2438,0.5413,0,0.4553,-0.8386,-0.2991,0,-0.381,-0.4871,0.7858,0,0.1957,-0.0724,0.2663,1]},
{"frame":95,"values":[0.7993,0.2753,0.5342,0,0.4722,-0.8376,-0.2749,0,-0.3717,-0.4719,0.7994,0,0.1949,-0.0724,0.2673,1]},
