{"producer":{"name":"Blender","version":"2.79 (sub 0)","exporter_version":"5.6.4","file":"gun_smg.babylon"},
"autoClear":true,"clearColor":[0.0509,0.0509,0.0509],"ambientColor":[0,0,0],"gravity":[0,-9.81,0],
"materials":[{"name":"gun_smg.phong1.021","id":"gun_smg.phong1.021","ambient":[0.5,0.5,0.5],"diffuse":[0.4,0.4,0.4],"specular":[0,0,0],"emissive":[0,0,0],"specularPower":103,"alpha":1,"backFaceCulling":true,"checkReadyOnlyOnce":false,"maxSimultaneousLights":4},
{"name":"gun_smg.phong1.020","id":"gun_smg.phong1.020","ambient":[0.5,0.5,0.5],"diffuse":[0.4,0.4,0.4],"specular":[0,0,0],"emissive":[0,0,0],"specularPower":103,"alpha":1,"backFaceCulling":true,"checkReadyOnlyOnce":false,"maxSimultaneousLights":4},
{"name":"gun_smg.phong1.019","id":"gun_smg.phong1.019","ambient":[0.5,0.5,0.5],"diffuse":[0.4,0.4,0.4],"specular":[0,0,0],"emissive":[0,0,0],"specularPower":103,"alpha":1,"backFaceCulling":true,"checkReadyOnlyOnce":false,"maxSimultaneousLights":4},
{"name":"gun_smg.phong1.018","id":"gun_smg.phong1.018","ambient":[0.5,0.5,0.5],"diffuse":[0.4,0.4,0.4],"specular":[0,0,0],"emissive":[0,0,0],"specularPower":103,"alpha":1,"backFaceCulling":true,"checkReadyOnlyOnce":false,"maxSimultaneousLights":4},
{"name":"gun_smg.phong1.017","id":"gun_smg.phong1.017","ambient":[0.5,0.5,0.5],"diffuse":[0.4,0.4,0.4],"specular":[0,0,0],"emissive":[0,0,0],"specularPower":103,"alpha":1,"backFaceCulling":true,"checkReadyOnlyOnce":false,"maxSimultaneousLights":4},
{"name":"gun_smg.phong1.016","id":"gun_smg.phong1.016","ambient":[0.5,0.5,0.5],"diffuse":[0.4,0.4,0.4],"specular":[0,0,0],"emissive":[0,0,0],"specularPower":103,"alpha":1,"backFaceCulling":true,"checkReadyOnlyOnce":false,"maxSimultaneousLights":4},
{"name":"gun_smg.phong1.015","id":"gun_smg.phong1.015","ambient":[0.5,0.5,0.5],"diffuse":[0.4,0.4,0.4],"specular":[0,0,0],"emissive":[0,0,0],"specularPower":103,"alpha":1,"backFaceCulling":true,"checkReadyOnlyOnce":false,"maxSimultaneousLights":4},
{"name":"gun_smg.phong1.014","id":"gun_smg.phong1.014","ambient":[0.5,0.5,0.5],"diffuse":[0.4,0.4,0.4],"specular":[0,0,0],"emissive":[0,0,0],"specularPower":103,"alpha":1,"backFaceCulling":true,"checkReadyOnlyOnce":false,"maxSimultaneousLights":4},
{"name":"gun_smg.phong1.013","id":"gun_smg.phong1.013","ambient":[0.5,0.5,0.5],"diffuse":[0.4,0.4,0.4],"specular":[0,0,0],"emissive":[0,0,0],"specularPower":103,"alpha":1,"backFaceCulling":true,"checkReadyOnlyOnce":false,"maxSimultaneousLights":4},
{"name":"gun_smg.phong1.012","id":"gun_smg.phong1.012","ambient":[0.5,0.5,0.5],"diffuse":[0.4,0.4,0.4],"specular":[0,0,0],"emissive":[0,0,0],"specularPower":103,"alpha":1,"backFaceCulling":true,"checkReadyOnlyOnce":false,"maxSimultaneousLights":4},
{"name":"gun_smg.phong1.010","id":"gun_smg.phong1.010","ambient":[0.5,0.5,0.5],"diffuse":[0.4,0.4,0.4],"specular":[0,0,0],"emissive":[0,0,0],"specularPower":103,"alpha":1,"backFaceCulling":true,"checkReadyOnlyOnce":false,"maxSimultaneousLights":4},
{"name":"gun_smg.phong1.009","id":"gun_smg.phong1.009","ambient":[0.5,0.5,0.5],"diffuse":[0.4,0.4,0.4],"specular":[0,0,0],"emissive":[0,0,0],"specularPower":103,"alpha":1,"backFaceCulling":true,"checkReadyOnlyOnce":false,"maxSimultaneousLights":4},
{"name":"gun_smg.phong1.008","id":"gun_smg.phong1.008","ambient":[0.5,0.5,0.5],"diffuse":[0.4,0.4,0.4],"specular":[0,0,0],"emissive":[0,0,0],"specularPower":103,"alpha":1,"backFaceCulling":true,"checkReadyOnlyOnce":false,"maxSimultaneousLights":4},
{"name":"gun_smg.phong1.007","id":"gun_smg.phong1.007","ambient":[0.5,0.5,0.5],"diffuse":[0.4,0.4,0.4],"specular":[0,0,0],"emissive":[0,0,0],"specularPower":103,"alpha":1,"backFaceCulling":true,"checkReadyOnlyOnce":false,"maxSimultaneousLights":4},
{"name":"gun_smg.phong1.006","id":"gun_smg.phong1.006","ambient":[0.5,0.5,0.5],"diffuse":[0.4,0.4,0.4],"specular":[0,0,0],"emissive":[0,0,0],"specularPower":103,"alpha":1,"backFaceCulling":true,"checkReadyOnlyOnce":false,"maxSimultaneousLights":4},
{"name":"gun_smg.phong1.005","id":"gun_smg.phong1.005","ambient":[0.5,0.5,0.5],"diffuse":[0.4,0.4,0.4],"specular":[0,0,0],"emissive":[0,0,0],"specularPower":103,"alpha":1,"backFaceCulling":true,"checkReadyOnlyOnce":false,"maxSimultaneousLights":4},
{"name":"gun_smg.phong1.004","id":"gun_smg.phong1.004","ambient":[0.5,0.5,0.5],"diffuse":[0.4,0.4,0.4],"specular":[0,0,0],"emissive":[0,0,0],"specularPower":103,"alpha":1,"backFaceCulling":true,"checkReadyOnlyOnce":false,"maxSimultaneousLights":4},
{"name":"gun_smg.phong1.003","id":"gun_smg.phong1.003","ambient":[0.5,0.5,0.5],"diffuse":[0.4,0.4,0.4],"specular":[0,0,0],"emissive":[0,0,0],"specularPower":103,"alpha":1,"backFaceCulling":true,"checkReadyOnlyOnce":false,"maxSimultaneousLights":4},
{"name":"gun_smg.phong1.002","id":"gun_smg.phong1.002","ambient":[0.5,0.5,0.5],"diffuse":[0.4,0.4,0.4],"specular":[0,0,0],"emissive":[0,0,0],"specularPower":103,"alpha":1,"backFaceCulling":true,"checkReadyOnlyOnce":false,"maxSimultaneousLights":4},
{"name":"gun_smg.phong1.001","id":"gun_smg.phong1.001","ambient":[0.5,0.5,0.5],"diffuse":[0.4,0.4,0.4],"specular":[0,0,0],"emissive":[0,0,0],"specularPower":103,"alpha":1,"backFaceCulling":true,"checkReadyOnlyOnce":false,"maxSimultaneousLights":4},
{"name":"gun_smg.phong1","id":"gun_smg.phong1","ambient":[0.5,0.5,0.5],"diffuse":[0.4,0.4,0.4],"specular":[0,0,0],"emissive":[0,0,0],"specularPower":103,"alpha":1,"backFaceCulling":true,"checkReadyOnlyOnce":false,"maxSimultaneousLights":4},
{"name":"gun_smg.phong1.011","id":"gun_smg.phong1.011","ambient":[0.5,0.5,0.5],"diffuse":[0.4,0.4,0.4],"specular":[0,0,0],"emissive":[0,0,0],"specularPower":103,"alpha":1,"backFaceCulling":true,"checkReadyOnlyOnce":false,"maxSimultaneousLights":4}],
"multiMaterials":[],
"skeletons":[{"name":"gun_smg_skeleton","id":0,"dimensionsAtRest":[0.5,0.1905,0.5221],"bones":[
{"name":"body","index":0,"matrix":[1,0,0,0,0,0,1,0,0,1,0,0,0.25,0,0.2801,1],"rest":[1,0,0,0,0,0,1,0,0,1,0,0,0,0,0.0001,1],"parentBoneIndex":-1,"length":0.1018
,"animation":{"dataType":3,"framePerSecond":60,"keys":[
{"frame":0,"values":[1,0,0,0,0,0,1,0,0,1,0,0,0.25,0,0.2801,1]},
{"frame":1,"values":[1,0,0,0,0,0.0091,1,0,0,1,-0.0091,0,0.25,0.0013,0.2722,1]},
{"frame":2,"values":[1,0,0,0,0,0.0069,1,0,0,1,-0.0069,0,0.25,0.001,0.2741,1]},
{"frame":3,"values":[1,0,0,0,0,0.0022,1,0,0,1,-0.0022,0,0.25,0.0003,0.2782,1]},
{"frame":4,"values":[1,0,0,0,0,0,1,0,0,1,0,0,0.25,0,0.2801,1]},
{"frame":10,"values":[1,0,0,0,0,0,1,0,0,1,0,0,0.25,0,0.2801,1]},
{"frame":11,"values":[1,0.0009,0.0011,0,-0.0011,0.0007,1,0,-0.0009,1,-0.0007,0,0.2499,0.0006,0.2811,1]},
{"frame":12,"values":[1,0.0038,0.0044,0,-0.0044,0.0029,1,0,-0.0038,1,-0.0029,0,0.2495,0.0026,0.2842,1]},
{"frame":13,"values":[0.9999,0.0086,0.0099,0,-0.01,0.0066,0.9999,0,-0.0086,0.9999,-0.0067,0,0.2488,0.0058,0.2893,1]},
{"frame":14,"values":[0.9997,0.0155,0.0177,0,-0.0179,0.0118,0.9998,0,-0.0152,0.9998,-0.0121,0,0.2476,0.0099,0.2962,1]},
{"frame":15,"values":[0.9993,0.0243,0.0276,0,-0.0281,0.0184,0.9994,0,-0.0238,0.9995,-0.0191,0,0.2458,0.0146,0.3043,1]},
{"frame":16,"values":[0.9986,0.0352,0.0397,0,-0.0406,0.0264,0.9988,0,-0.0341,0.999,-0.0278,0,0.2434,0.0193,0.313,1]},
{"frame":17,"values":[0.9974,0.0481,0.0538,0,-0.0556,0.0358,0.9978,0,-0.046,0.9982,-0.0384,0,0.2404,0.0234,0.3215,1]},
{"frame":18,"values":[0.9956,0.063,0.0698,0,-0.0728,0.0463,0.9963,0,-0.0595,0.9969,-0.0507,0,0.2369,0.0266,0.329,1]},
{"frame":19,"values":[0.993,0.0799,0.0875,0,-0.0923,0.058,0.994,0,-0.0743,0.9951,-0.0649,0,0.233,0.0286,0.3353,1]},
{"frame":20,"values":[0.9894,0.0986,0.1067,0,-0.1139,0.0705,0.991,0,-0.0902,0.9926,-0.0809,0,0.2287,0.0292,0.34,1]},
{"frame":21,"values":[0.9847,0.119,0.127,0,-0.1374,0.0836,0.987,0,-0.1069,0.9894,-0.0987,0,0.2239,0.029,0.3438,1]},
{"frame":22,"values":[0.9789,0.141,0.1482,0,-0.1626,0.0973,0.9819,0,-0.124,0.9852,-0.1182,0,0.2186,0.0283,0.3474,1]},
{"frame":23,"values":[0.9717,0.1642,0.1698,0,-0.1893,0.1112,0.9756,0,-0.1413,0.9801,-0.1391,0,0.2125,0.0272,0.3509,1]},
{"frame":24,"values":[0.9632,0.1883,0.1916,0,-0.217,0.1251,0.9681,0,-0.1584,0.9741,-0.1613,0,0.2059,0.0257,0.3541,1]},
{"frame":25,"values":[0.9535,0.2131,0.2131,0,-0.2454,0.1388,0.9594,0,-0.1749,0.9671,-0.1846,0,0.1986,0.0238,0.357,1]},
{"frame":26,"values":[0.9426,0.2382,0.234,0,-0.2741,0.152,0.9496,0,-0.1906,0.9592,-0.2086,0,0.191,0.0216,0.3596,1]},
{"frame":27,"values":[0.9307,0.2631,0.2539,0,-0.3027,0.1648,0.9387,0,-0.2052,0.9506,-0.233,0,0.1829,0.0192,0.3619,1]},
{"frame":28,"values":[0.9181,0.2876,0.2727,0,-0.3307,0.1769,0.927,0,-0.2184,0.9413,-0.2575,0,0.1748,0.0166,0.3638,1]},
{"frame":29,"values":[0.905,0.3112,0.29,0,-0.3578,0.1882,0.9146,0,-0.2301,0.9315,-0.2817,0,0.1666,0.0141,0.3654,1]},
{"frame":30,"values":[0.8917,0.3338,0.3057,0,-0.3837,0.1989,0.9018,0,-0.2402,0.9214,-0.3054,0,0.1586,0.0116,0.3667,1]},
{"frame":31,"values":[0.8785,0.3549,0.3199,0,-0.408,0.2088,0.8888,0,-0.2486,0.9113,-0.3282,0,0.151,0.0094,0.3676,1]},
{"frame":32,"values":[0.8657,0.3744,0.3323,0,-0.4305,0.218,0.8759,0,-0.2555,0.9013,-0.3499,0,0.1438,0.0075,0.3684,1]},
{"frame":33,"values":[0.8536,0.3921,0.3431,0,-0.4511,0.2267,0.8632,0,-0.2607,0.8916,-0.3703,0,0.1373,0.006,0.3688,1]},
{"frame":34,"values":[0.8424,0.4078,0.3522,0,-0.4696,0.2348,0.8511,0,-0.2644,0.8823,-0.3893,0,0.1313,0.0049,0.3691,1]},
{"frame":35,"values":[0.8323,0.4216,0.3599,0,-0.486,0.2426,0.8396,0,-0.2667,0.8737,-0.4068,0,0.1261,0.0043,0.3693,1]},
{"frame":36,"values":[0.8235,0.4333,0.3661,0,-0.5001,0.2501,0.8291,0,-0.2676,0.8659,-0.4226,0,0.1214,0.004,0.3694,1]},
{"frame":37,"values":[0.8162,0.4428,0.3711,0,-0.5121,0.2573,0.8195,0,-0.2674,0.8589,-0.4368,0,0.1177,0.0044,0.3689,1]},
{"frame":38,"values":[0.8104,0.4503,0.3748,0,-0.522,0.2644,0.811,0,-0.2661,0.8528,-0.4493,0,0.1152,0.0052,0.3678,1]},
{"frame":39,"values":[0.8062,0.4557,0.3774,0,-0.5296,0.2714,0.8036,0,-0.2638,0.8477,-0.4602,0,0.1142,0.006,0.3667,1]},
{"frame":40,"values":[0.8035,0.4591,0.3789,0,-0.5352,0.2785,0.7975,0,-0.2606,0.8436,-0.4694,0,0.114,0.0063,0.3663,1]},
{"frame":41,"values":[0.8023,0.4606,0.3797,0,-0.5389,0.2855,0.7925,0,-0.2566,0.8404,-0.4773,0,0.1141,0.0061,0.3663,1]},
{"frame":42,"values":[0.8023,0.4605,0.3799,0,-0.5412,0.2925,0.7884,0,-0.2519,0.8381,-0.4839,0,0.1144,0.0055,0.3664,1]},
{"frame":43,"values":[0.8033,0.4588,0.3797,0,-0.5421,0.2991,0.7853,0,-0.2468,0.8367,-0.489,0,0.1149,0.0046,0.3666,1]},
{"frame":44,"values":[0.8048,0.4562,0.3796,0,-0.5421,0.3049,0.783,0,-0.2415,0.836,-0.4927,0,0.1156,0.0032,0.3671,1]},
{"frame":45,"values":[0.8063,0.4534,0.3798,0,-0.542,0.3094,0.7813,0,-0.2367,0.8359,-0.4953,0,0.1162,0.0015,0.3678,1]},
{"frame":46,"values":[0.8071,0.4512,0.3808,0,-0.5426,0.3126,0.7797,0,-0.2328,0.8359,-0.4971,0,0.1168,-0.0004,0.369,1]},
{"frame":47,"values":[0.8068,0.4501,0.3827,0,-0.5443,0.3143,0.7778,0,-0.2299,0.8358,-0.4986,0,0.1171,-0.0024,0.3704,1]},
{"frame":48,"values":[0.8053,0.4505,0.3855,0,-0.5473,0.3148,0.7755,0,-0.228,0.8354,-0.5001,0,0.1172,-0.0042,0.3722,1]},
{"frame":49,"values":[0.8019,0.4522,0.3905,0,-0.5529,0.3141,0.7718,0,-0.2264,0.8348,-0.5019,0,0.1168,-0.0062,0.3744,1]},
{"frame":50,"values":[0.7961,0.455,0.399,0,-0.5622,0.3122,0.7658,0,-0.2239,0.834,-0.5043,0,0.1156,-0.0083,0.3773,1]},
{"frame":51,"values":[0.7879,0.4587,0.4108,0,-0.5749,0.3089,0.7576,0,-0.2206,0.8331,-0.5071,0,0.1136,-0.0106,0.3809,1]},
{"frame":52,"values":[0.7774,0.4634,0.4254,0,-0.5905,0.3045,0.7474,0,-0.2168,0.8322,-0.5103,0,0.111,-0.0131,0.3849,1]},
{"frame":53,"values":[0.765,0.4686,0.4418,0,-0.608,0.2991,0.7355,0,-0.2125,0.8312,-0.5137,0,0.1078,-0.0158,0.3893,1]},
{"frame":54,"values":[0.7514,0.4741,0.4588,0,-0.6261,0.293,0.7226,0,-0.2082,0.8303,-0.517,0,0.1043,-0.0185,0.3938,1]},
{"frame":55,"values":[0.7377,0.4796,0.4752,0,-0.6435,0.2868,0.7097,0,-0.2041,0.8293,-0.5201,0,0.1008,-0.0211,0.3981,1]},
{"frame":56,"values":[0.7249,0.4845,0.4896,0,-0.659,0.2808,0.6978,0,-0.2006,0.8285,-0.5229,0,0.0976,-0.0237,0.4018,1]},
{"frame":57,"values":[0.714,0.4888,0.5012,0,-0.6715,0.2757,0.6878,0,-0.198,0.8277,-0.5251,0,0.0949,-0.0262,0.4049,1]},
{"frame":58,"values":[0.7057,0.4923,0.5094,0,-0.6806,0.2717,0.6804,0,-0.1966,0.8269,-0.5268,0,0.0929,-0.0284,0.4071,1]},
{"frame":59,"values":[0.7005,0.495,0.5141,0,-0.6862,0.269,0.6759,0,-0.1963,0.8262,-0.528,0,0.0917,-0.0304,0.4084,1]},
{"frame":60,"values":[0.6984,0.4967,0.5153,0,-0.6881,0.2676,0.6745,0,-0.1972,0.8256,-0.5287,0,0.0913,-0.0322,0.4089,1]},
{"frame":61,"values":[0.698,0.498,0.5146,0,-0.688,0.267,0.6748,0,-0.1987,0.825,-0.529,0,0.0914,-0.0338,0.4089,1]},
{"frame":62,"values":[0.6979,0.4993,0.5135,0,-0.6875,0.2664,0.6755,0,-0.2005,0.8245,-0.5292,0,0.0916,-0.0355,0.4089,1]},
{"frame":63,"values":[0.6982,0.5004,0.512,0,-0.6867,0.2658,0.6766,0,-0.2025,0.824,-0.5292,0,0.0918,-0.0371,0.4089,1]},
{"frame":64,"values":[0.6989,0.5014,0.5101,0,-0.6853,0.2653,0.6782,0,-0.2047,0.8235,-0.5291,0,0.0922,-0.0388,0.4089,1]},
{"frame":65,"values":[0.6999,0.5023,0.5078,0,-0.6836,0.2649,0.6801,0,-0.2071,0.8231,-0.5288,0,0.0928,-0.0404,0.4089,1]},
{"frame":66,"values":[0.7012,0.5032,0.5051,0,-0.6814,0.2645,0.6825,0,-0.2098,0.8227,-0.5283,0,0.0934,-0.042,0.4089,1]},
{"frame":67,"values":[0.7029,0.5039,0.502,0,-0.6787,0.2642,0.6852,0,-0.2127,0.8224,-0.5277,0,0.0942,-0.0436,0.4089,1]},
{"frame":68,"values":[0.705,0.5045,0.4984,0,-0.6756,0.2639,0.6884,0,-0.2158,0.8221,-0.5269,0,0.0951,-0.0452,0.4089,1]},
{"frame":69,"values":[0.7074,0.505,0.4945,0,-0.672,0.2637,0.692,0,-0.2191,0.8218,-0.5259,0,0.0961,-0.0468,0.4089,1]},
{"frame":70,"values":[0.7101,0.5055,0.4901,0,-0.6679,0.2635,0.696,0,-0.2227,0.8216,-0.5247,0,0.0973,-0.0483,0.4089,1]},
{"frame":71,"values":[0.7132,0.5058,0.4853,0,-0.6634,0.2634,0.7004,0,-0.2264,0.8215,-0.5234,0,0.0985,-0.0499,0.4089,1]},
{"frame":72,"values":[0.7166,0.506,0.4801,0,-0.6584,0.2633,0.7051,0,-0.2304,0.8213,-0.5218,0,0.0999,-0.0513,0.4089,1]},
{"frame":73,"values":[0.7202,0.5062,0.4745,0,-0.6529,0.2633,0.7102,0,-0.2346,0.8213,-0.5201,0,0.1014,-0.0528,0.4089,1]},
{"frame":74,"values":[0.7241,0.5062,0.4684,0,-0.647,0.2633,0.7156,0,-0.2389,0.8212,-0.5182,0,0.103,-0.0542,0.4089,1]},
{"frame":75,"values":[0.7282,0.5062,0.462,0,-0.6406,0.2634,0.7213,0,-0.2434,0.8212,-0.5161,0,0.1047,-0.0556,0.4089,1]},
{"frame":76,"values":[0.7326,0.506,0.4552,0,-0.6339,0.2635,0.7272,0,-0.248,0.8213,-0.5138,0,0.1065,-0.0569,0.4089,1]},
{"frame":77,"values":[0.7371,0.5058,0.4481,0,-0.6267,0.2636,0.7333,0,-0.2528,0.8214,-0.5113,0,0.1084,-0.0582,0.4089,1]},
{"frame":78,"values":[0.7418,0.5055,0.4407,0,-0.6192,0.2638,0.7396,0,-0.2577,0.8215,-0.5087,0,0.1103,-0.0595,0.4089,1]},
{"frame":79,"values":[0.7466,0.5052,0.4329,0,-0.6113,0.264,0.7461,0,-0.2626,0.8216,-0.5059,0,0.1124,-0.0607,0.4089,1]},
{"frame":80,"values":[0.7514,0.5048,0.4249,0,-0.6031,0.2642,0.7526,0,-0.2676,0.8218,-0.503,0,0.1144,-0.0618,0.4089,1]},
{"frame":81,"values":[0.7563,0.5043,0.4167,0,-0.5947,0.2645,0.7592,0,-0.2727,0.822,-0.4999,0,0.1166,-0.0629,0.4089,1]},
{"frame":82,"values":[0.7612,0.5038,0.4083,0,-0.586,0.2647,0.7658,0,-0.2778,0.8222,-0.4968,0,0.1187,-0.0639,0.4089,1]},
{"frame":83,"values":[0.7661,0.5033,0.3997,0,-0.5772,0.265,0.7724,0,-0.2829,0.8225,-0.4935,0,0.1209,-0.0648,0.4089,1]},
{"frame":84,"values":[0.7709,0.5028,0.3911,0,-0.5682,0.2652,0.779,0,-0.2879,0.8227,-0.4901,0,0.1231,-0.0657,0.4089,1]},
{"frame":85,"values":[0.7756,0.5022,0.3824,0,-0.5591,0.2655,0.7854,0,-0.2929,0.823,-0.4867,0,0.1253,-0.0665,0.4089,1]},
{"frame":86,"values":[0.7802,0.5016,0.3736,0,-0.55,0.2657,0.7918,0,-0.2979,0.8232,-0.4832,0,0.1275,-0.0673,0.4089,1]},
{"frame":87,"values":[0.7847,0.5011,0.3649,0,-0.5409,0.266,0.7979,0,-0.3028,0.8235,-0.4798,0,0.1296,-0.068,0.4089,1]},
{"frame":88,"values":[0.789,0.5005,0.3562,0,-0.5318,0.2662,0.8039,0,-0.3075,0.8238,-0.4762,0,0.1318,-0.0686,0.4089,1]},
{"frame":89,"values":[0.7932,0.5,0.3477,0,-0.5229,0.2664,0.8097,0,-0.3122,0.824,-0.4727,0,0.1339,-0.0692,0.4089,1]},
{"frame":90,"values":[0.7972,0.4995,0.3392,0,-0.514,0.2666,0.8153,0,-0.3168,0.8243,-0.4693,0,0.1359,-0.0697,0.4089,1]},
{"frame":91,"values":[0.8009,0.499,0.3309,0,-0.5053,0.2668,0.8207,0,-0.3212,0.8245,-0.4658,0,0.1379,-0.0702,0.4089,1]},
{"frame":92,"values":[0.8045,0.4985,0.3228,0,-0.4968,0.267,0.8258,0,-0.3255,0.8247,-0.4625,0,0.1398,-0.0706,0.4089,1]},
{"frame":93,"values":[0.8079,0.4981,0.3149,0,-0.4885,0.2671,0.8307,0,-0.3297,0.8249,-0.4591,0,0.1417,-0.0709,0.4089,1]},
{"frame":94,"values":[0.8111,0.4978,0.3072,0,-0.4804,0.2673,0.8353,0,-0.3337,0.8251,-0.4559,0,0.1435,-0.0712,0.4089,1]},
{"frame":95,"values":[0.814,0.4975,0.2998,0,-0.4727,0.2674,0.8397,0,-0.3376,0.8253,-0.4528,0,0.1453,-0.0715,0.4089,1]},
{"frame":96,"values":[0.8168,0.4972,0.2927,0,-0.4652,0.2675,0.8439,0,-0.3413,0.8254,-0.4497,0,0.1469,-0.0716,0.4089,1]},
{"frame":97,"values":[0.8193,0.497,0.2858,0,-0.458,0.2675,0.8478,0,-0.3449,0.8255,-0.4468,0,0.1485,-0.0718,0.4089,1]},
{"frame":98,"values":[0.8217,0.4969,0.2792,0,-0.4511,0.2676,0.8514,0,-0.3483,0.8256,-0.444,0,0.15,-0.0719,0.4089,1]},
{"frame":99,"values":[0.8239,0.4968,0.2729,0,-0.4445,0.2676,0.8549,0,-0.3517,0.8256,-0.4413,0,0.1514,-0.072,0.4089,1]},
{"frame":100,"values":[0.8258,0.4967,0.2669,0,-0.4383,0.2676,0.8581,0,-0.3548,0.8256,-0.4387,0,0.1528,-0.072,0.4089,1]},
{"frame":101,"values":[0.8277,0.4967,0.2609,0,-0.4321,0.2676,0.8612,0,-0.358,0.8256,-0.4361,0,0.1541,-0.072,0.4088,1]},
{"frame":102,"values":[0.8297,0.4967,0.2548,0,-0.4257,0.2676,0.8644,0,-0.3612,0.8256,-0.4335,0,0.1554,-0.072,0.4085,1]},
{"frame":103,"values":[0.8316,0.4967,0.2484,0,-0.419,0.2676,0.8677,0,-0.3645,0.8256,-0.4307,0,0.1568,-0.072,0.408,1]},
{"frame":104,"values":[0.8335,0.4967,0.2418,0,-0.4121,0.2676,0.8709,0,-0.3679,0.8256,-0.4278,0,0.1583,-0.072,0.4074,1]},
{"frame":105,"values":[0.8355,0.4967,0.235,0,-0.405,0.2676,0.8743,0,-0.3714,0.8256,-0.4248,0,0.1597,-0.072,0.4065,1]},
{"frame":106,"values":[0.8374,0.4967,0.2281,0,-0.3978,0.2676,0.8776,0,-0.3749,0.8256,-0.4217,0,0.1612,-0.072,0.4055,1]},
{"frame":107,"values":[0.8393,0.4967,0.221,0,-0.3903,0.2676,0.8809,0,-0.3784,0.8256,-0.4185,0,0.1627,-0.072,0.4043,1]},
{"frame":108,"values":[0.8412,0.4967,0.2138,0,-0.3828,0.2676,0.8842,0,-0.382,0.8256,-0.4152,0,0.1642,-0.072,0.4029,1]},
{"frame":109,"values":[0.843,0.4967,0.2065,0,-0.3752,0.2676,0.8875,0,-0.3856,0.8256,-0.4119,0,0.1657,-0.072,0.4014,1]},
{"frame":110,"values":[0.8447,0.4967,0.1993,0,-0.3675,0.2676,0.8907,0,-0.3891,0.8256,-0.4086,0,0.1672,-0.072,0.3997,1]},
{"frame":111,"values":[0.8464,0.4967,0.192,0,-0.3598,0.2676,0.8938,0,-0.3926,0.8256,-0.4052,0,0.1687,-0.072,0.3979,1]},
{"frame":112,"values":[0.848,0.4967,0.1847,0,-0.3521,0.2676,0.8969,0,-0.3961,0.8256,-0.4018,0,0.1702,-0.072,0.396,1]},
{"frame":113,"values":[0.8495,0.4967,0.1776,0,-0.3446,0.2676,0.8998,0,-0.3994,0.8256,-0.3985,0,0.1716,-0.072,0.3941,1]},
{"frame":114,"values":[0.851,0.4967,0.1707,0,-0.3372,0.2676,0.9026,0,-0.4027,0.8256,-0.3952,0,0.1731,-0.072,0.392,1]},
{"frame":115,"values":[0.8523,0.4967,0.1639,0,-0.3301,0.2676,0.9052,0,-0.4058,0.8256,-0.392,0,0.1744,-0.072,0.39,1]},
{"frame":116,"values":[0.8535,0.4967,0.1575,0,-0.3232,0.2676,0.9077,0,-0.4088,0.8256,-0.3889,0,0.1757,-0.072,0.3879,1]},
{"frame":117,"values":[0.8546,0.4967,0.1513,0,-0.3167,0.2676,0.91,0,-0.4115,0.8256,-0.386,0,0.1769,-0.072,0.3859,1]},
{"frame":118,"values":[0.8556,0.4967,0.1455,0,-0.3105,0.2676,0.9121,0,-0.4141,0.8256,-0.3832,0,0.1781,-0.072,0.3839,1]},
{"frame":119,"values":[0.8565,0.4967,0.1401,0,-0.3048,0.2676,0.9141,0,-0.4165,0.8256,-0.3806,0,0.1791,-0.072,0.382,1]},
{"frame":120,"values":[0.8573,0.4967,0.1352,0,-0.2995,0.2676,0.9158,0,-0.4187,0.8256,-0.3782,0,0.1801,-0.072,0.3802,1]},
{"frame":121,"values":[0.858,0.4967,0.1307,0,-0.2947,0.2676,0.9174,0,-0.4207,0.8256,-0.376,0,0.181,-0.072,0.3785,1]},
{"frame":122,"values":[0.8586,0.4967,0.1267,0,-0.2904,0.2676,0.9187,0,-0.4225,0.8256,-0.374,0,0.1818,-0.072,0.377,1]},
{"frame":123,"values":[0.8591,0.4967,0.1232,0,-0.2866,0.2676,0.9199,0,-0.424,0.8256,-0.3723,0,0.1825,-0.072,0.3756,1]},
{"frame":124,"values":[0.8595,0.4967,0.1201,0,-0.2834,0.2676,0.9209,0,-0.4253,0.8256,-0.3708,0,0.1831,-0.072,0.3744,1]},
{"frame":125,"values":[0.8599,0.4967,0.1176,0,-0.2806,0.2676,0.9218,0,-0.4264,0.8256,-0.3695,0,0.1836,-0.072,0.3734,1]},
{"frame":126,"values":[0.8602,0.4967,0.1155,0,-0.2784,0.2676,0.9224,0,-0.4273,0.8256,-0.3685,0,0.184,-0.072,0.3726,1]},
{"frame":127,"values":[0.8604,0.4967,0.114,0,-0.2768,0.2676,0.9229,0,-0.428,0.8256,-0.3677,0,0.1843,-0.072,0.3719,1]},
{"frame":128,"values":[0.8605,0.4967,0.1129,0,-0.2756,0.2676,0.9233,0,-0.4284,0.8256,-0.3672,0,0.1845,-0.072,0.3715,1]},
{"frame":129,"values":[0.8606,0.4967,0.1122,0,-0.2749,0.2676,0.9235,0,-0.4287,0.8256,-0.3668,0,0.1846,-0.072,0.3712,1]},
{"frame":130,"values":[0.8606,0.4967,0.112,0,-0.2746,0.2676,0.9236,0,-0.4288,0.8256,-0.3667,0,0.1846,-0.072,0.3711,1]},
{"frame":131,"values":[0.8604,0.4969,0.113,0,-0.2758,0.2676,0.9232,0,-0.4286,0.8255,-0.3673,0,0.1844,-0.0719,0.3712,1]},
{"frame":132,"values":[0.8596,0.4975,0.116,0,-0.2793,0.2674,0.9222,0,-0.4278,0.8252,-0.3689,0,0.1837,-0.0718,0.3715,1]},
{"frame":133,"values":[0.8584,0.4985,0.1211,0,-0.2851,0.2672,0.9205,0,-0.4265,0.8247,-0.3715,0,0.1826,-0.0715,0.3719,1]},
{"frame":134,"values":[0.8566,0.4998,0.1283,0,-0.2932,0.2669,0.918,0,-0.4246,0.824,-0.3752,0,0.181,-0.0711,0.3726,1]},
{"frame":135,"values":[0.8542,0.5015,0.1374,0,-0.3037,0.2666,0.9147,0,-0.4221,0.8231,-0.38,0,0.1789,-0.0706,0.3734,1]},
{"frame":136,"values":[0.8511,0.5035,0.1486,0,-0.3164,0.2661,0.9106,0,-0.419,0.822,-0.3857,0,0.1763,-0.0699,0.3744,1]},
{"frame":137,"values":[0.8474,0.5058,0.1616,0,-0.3312,0.2655,0.9055,0,-0.4151,0.8208,-0.3925,0,0.1734,-0.0692,0.3756,1]},
{"frame":138,"values":[0.8429,0.5083,0.1765,0,-0.3479,0.2647,0.8994,0,-0.4104,0.8195,-0.4,0,0.17,-0.0683,0.377,1]},
{"frame":139,"values":[0.8376,0.511,0.193,0,-0.3665,0.2639,0.8922,0,-0.405,0.8181,-0.4084,0,0.1662,-0.0673,0.3785,1]},
{"frame":140,"values":[0.8316,0.5138,0.2109,0,-0.3867,0.263,0.8839,0,-0.3987,0.8166,-0.4174,0,0.1621,-0.0662,0.3802,1]},
{"frame":141,"values":[0.8247,0.5167,0.2301,0,-0.4081,0.2619,0.8746,0,-0.3916,0.8151,-0.4269,0,0.1577,-0.0649,0.382,1]},
{"frame":142,"values":[0.817,0.5195,0.2503,0,-0.4305,0.2608,0.8641,0,-0.3836,0.8137,-0.4367,0,0.153,-0.0635,0.3839,1]},
{"frame":143,"values":[0.8086,0.5222,0.2712,0,-0.4536,0.2596,0.8526,0,-0.3748,0.8123,-0.4468,0,0.1481,-0.0621,0.3859,1]},
{"frame":144,"values":[0.7994,0.5248,0.2925,0,-0.4769,0.2583,0.8401,0,-0.3653,0.8111,-0.4568,0,0.1431,-0.0605,0.3879,1]},
{"frame":145,"values":[0.7897,0.527,0.3139,0,-0.5002,0.2571,0.8268,0,-0.3551,0.81,-0.4667,0,0.138,-0.0589,0.39,1]},
{"frame":146,"values":[0.7796,0.529,0.3352,0,-0.5231,0.2559,0.8129,0,-0.3442,0.8091,-0.4762,0,0.1329,-0.0572,0.392,1]},
{"frame":147,"values":[0.7693,0.5305,0.356,0,-0.5453,0.2548,0.7986,0,-0.3329,0.8085,-0.4853,0,0.1279,-0.0554,0.3941,1]},
{"frame":148,"values":[0.759,0.5315,0.3761,0,-0.5664,0.2539,0.7841,0,-0.3213,0.8081,-0.4937,0,0.123,-0.0536,0.396,1]},
{"frame":149,"values":[0.7488,0.5321,0.3953,0,-0.5862,0.2532,0.7696,0,-0.3094,0.808,-0.5015,0,0.1183,-0.0517,0.3979,1]},
{"frame":150,"values":[0.739,0.532,0.4134,0,-0.6045,0.2527,0.7555,0,-0.2975,0.8081,-0.5083,0,0.1139,-0.0498,0.3997,1]},
{"frame":151,"values":[0.7298,0.5314,0.4302,0,-0.6212,0.2525,0.7419,0,-0.2856,0.8086,-0.5144,0,0.1097,-0.048,0.4014,1]},
{"frame":152,"values":[0.7214,0.5301,0.4456,0,-0.636,0.2527,0.7291,0,-0.2739,0.8094,-0.5195,0,0.106,-0.0461,0.4029,1]},
{"frame":153,"values":[0.714,0.5282,0.4596,0,-0.6491,0.2532,0.7174,0,-0.2625,0.8105,-0.5236,0,0.1026,-0.0442,0.4043,1]},
{"frame":154,"values":[0.7077,0.5257,0.4721,0,-0.6602,0.2541,0.7068,0,-0.2516,0.8119,-0.5269,0,0.0996,-0.0424,0.4055,1]},
{"frame":155,"values":[0.7026,0.5225,0.4831,0,-0.6695,0.2554,0.6975,0,-0.241,0.8135,-0.5292,0,0.0971,-0.0406,0.4065,1]},
{"frame":156,"values":[0.6989,0.5186,0.4925,0,-0.6769,0.2571,0.6897,0,-0.2311,0.8154,-0.5307,0,0.095,-0.0388,0.4074,1]},
{"frame":157,"values":[0.6966,0.5141,0.5005,0,-0.6824,0.2592,0.6835,0,-0.2217,0.8176,-0.5314,0,0.0934,-0.0371,0.408,1]},
{"frame":158,"values":[0.6957,0.509,0.5069,0,-0.6861,0.2617,0.6789,0,-0.2129,0.8201,-0.5312,0,0.0922,-0.0354,0.4085,1]},
{"frame":159,"values":[0.6963,0.5032,0.5118,0,-0.6879,0.2645,0.6759,0,-0.2047,0.8227,-0.5303,0,0.0916,-0.0337,0.4088,1]},
{"frame":160,"values":[0.6984,0.4967,0.5153,0,-0.6881,0.2676,0.6745,0,-0.1972,0.8256,-0.5287,0,0.0913,-0.0322,0.4089,1]},
{"frame":161,"values":[0.7053,0.4859,0.5162,0,-0.683,0.2707,0.6784,0,-0.1899,0.831,-0.5228,0,0.0925,-0.0305,0.4079,1]},
{"frame":162,"values":[0.72,0.4672,0.5131,0,-0.6695,0.2731,0.6908,0,-0.1826,0.8409,-0.5094,0,0.0961,-0.0286,0.405,1]},
{"frame":163,"values":[0.7405,0.4423,0.506,0,-0.6488,0.2742,0.7098,0,-0.1752,0.8539,-0.49,0,0.1015,-0.0265,0.4006,1]},
{"frame":164,"values":[0.7624,0.4155,0.4961,0,-0.6249,0.2736,0.7312,0,-0.1681,0.8675,-0.4682,0,0.1076,-0.0245,0.3956,1]},
{"frame":165,"values":[0.7808,0.3925,0.4861,0,-0.6034,0.2718,0.7496,0,-0.1621,0.8786,-0.4491,0,0.113,-0.0226,0.3913,1]},
{"frame":166,"values":[0.7924,0.3777,0.479,0,-0.5891,0.2702,0.7616,0,-0.1582,0.8856,-0.4366,0,0.1166,-0.021,0.3884,1]},
{"frame":167,"values":[0.7963,0.3727,0.4765,0,-0.5842,0.2695,0.7656,0,-0.1569,0.888,-0.4323,0,0.1178,-0.0197,0.3874,1]},
{"frame":168,"values":[0.7963,0.3727,0.4765,0,-0.5842,0.2695,0.7656,0,-0.1569,0.888,-0.4323,0,0.1162,-0.0187,0.3885,1]},
{"frame":169,"values":[0.7963,0.3727,0.4765,0,-0.5842,0.2695,0.7656,0,-0.1569,0.888,-0.4323,0,0.1121,-0.0181,0.3915,1]},
{"frame":170,"values":[0.7963,0.3727,0.4765,0,-0.5842,0.2695,0.7656,0,-0.1569,0.888,-0.4323,0,0.108,-0.0178,0.3944,1]},
{"frame":171,"values":[0.7963,0.3727,0.4765,0,-0.5842,0.2695,0.7656,0,-0.1569,0.888,-0.4323,0,0.1064,-0.0177,0.3955,1]},
{"frame":172,"values":[0.8002,0.3624,0.4779,0,-0.5805,0.2672,0.7692,0,-0.151,0.8929,-0.4242,0,0.1074,-0.0214,0.3949,1]},
{"frame":173,"values":[0.8107,0.3338,0.481,0,-0.5699,0.2612,0.7791,0,-0.1344,0.9057,-0.402,0,0.11,-0.031,0.3932,1]},
{"frame":174,"values":[0.8224,0.301,0.4827,0,-0.5572,0.2551,0.7902,0,-0.1148,0.9188,-0.3776,0,0.1128,-0.0405,0.3916,1]},
{"frame":175,"values":[0.8303,0.2807,0.4814,0,-0.5479,0.2535,0.7972,0,-0.1018,0.9257,-0.3643,0,0.1143,-0.0442,0.391,1]},
{"frame":176,"values":[0.8355,0.2697,0.4788,0,-0.5414,0.2546,0.8013,0,-0.0942,0.9287,-0.3588,0,0.1149,-0.0441,0.391,1]},
{"frame":177,"values":[0.8403,0.2598,0.4758,0,-0.535,0.2558,0.8052,0,-0.0875,0.9311,-0.354,0,0.1154,-0.0438,0.3913,1]},
{"frame":178,"values":[0.8448,0.251,0.4725,0,-0.5288,0.2571,0.8089,0,-0.0816,0.9332,-0.3499,0,0.1158,-0.0433,0.3918,1]},
{"frame":179,"values":[0.849,0.2432,0.4691,0,-0.5228,0.2583,0.8124,0,-0.0764,0.935,-0.3464,0,0.1162,-0.0427,0.3924,1]},
{"frame":180,"values":[0.853,0.2363,0.4654,0,-0.517,0.2595,0.8157,0,-0.072,0.9364,-0.3436,0,0.1164,-0.0418,0.3932,1]},
{"frame":181,"values":[0.8567,0.2303,0.4616,0,-0.5113,0.2608,0.8189,0,-0.0683,0.9375,-0.3412,0,0.1166,-0.0407,0.3942,1]},
{"frame":182,"values":[0.8602,0.2251,0.4576,0,-0.5058,0.262,0.8219,0,-0.0651,0.9384,-0.3393,0,0.1167,-0.0394,0.3953,1]},
{"frame":183,"values":[0.8635,0.2206,0.4536,0,-0.5005,0.2632,0.8248,0,-0.0626,0.9392,-0.3377,0,0.1168,-0.0379,0.3965,1]},
{"frame":184,"values":[0.8666,0.2168,0.4494,0,-0.4953,0.2644,0.8275,0,-0.0605,0.9397,-0.3365,0,0.1168,-0.0362,0.3979,1]},
{"frame":185,"values":[0.8696,0.2134,0.4453,0,-0.4903,0.2655,0.8301,0,-0.0589,0.9402,-0.3356,0,0.1168,-0.0344,0.3992,1]},
{"frame":186,"values":[0.8724,0.2106,0.4411,0,-0.4854,0.2666,0.8327,0,-0.0577,0.9405,-0.3348,0,0.1168,-0.0324,0.4005,1]},
{"frame":187,"values":[0.8751,0.2081,0.437,0,-0.4806,0.2676,0.8351,0,-0.0568,0.9408,-0.3342,0,0.1169,-0.0304,0.4018,1]},
{"frame":188,"values":[0.8776,0.2059,0.4329,0,-0.476,0.2685,0.8374,0,-0.0562,0.941,-0.3336,0,0.1169,-0.0283,0.4031,1]},
{"frame":189,"values":[0.8801,0.2039,0.4288,0,-0.4715,0.2693,0.8397,0,-0.0558,0.9412,-0.3331,0,0.117,-0.0261,0.4042,1]},
{"frame":190,"values":[0.8824,0.2021,0.4248,0,-0.4671,0.27,0.842,0,-0.0555,0.9414,-0.3326,0,0.1172,-0.024,0.4052,1]},
{"frame":191,"values":[0.8847,0.2003,0.4209,0,-0.4629,0.2705,0.8441,0,-0.0553,0.9416,-0.3321,0,0.1175,-0.0219,0.406,1]},
{"frame":192,"values":[0.8869,0.1986,0.4171,0,-0.4587,0.2709,0.8463,0,-0.0551,0.9419,-0.3314,0,0.1178,-0.0199,0.4066,1]},
{"frame":193,"values":[0.889,0.1969,0.4134,0,-0.4546,0.2712,0.8484,0,-0.0549,0.9422,-0.3306,0,0.1183,-0.0179,0.4071,1]},
{"frame":194,"values":[0.8911,0.195,0.4098,0,-0.4506,0.2713,0.8505,0,-0.0547,0.9425,-0.3296,0,0.1188,-0.0161,0.4074,1]},
{"frame":195,"values":[0.8931,0.193,0.4064,0,-0.4466,0.2712,0.8526,0,-0.0544,0.943,-0.3284,0,0.1194,-0.0143,0.4074,1]},
{"frame":196,"values":[0.895,0.1909,0.4031,0,-0.4427,0.2709,0.8547,0,-0.0539,0.9435,-0.327,0,0.1219,-0.0124,0.4035,1]},
{"frame":197,"values":[0.8969,0.1885,0.4,0,-0.4389,0.2705,0.8568,0,-0.0533,0.9441,-0.3253,0,0.1278,-0.0105,0.3924,1]},
{"frame":198,"values":[0.8988,0.1858,0.397,0,-0.4352,0.2698,0.859,0,-0.0525,0.9448,-0.3234,0,0.1351,-0.0084,0.3782,1]},
{"frame":199,"values":[0.9007,0.1829,0.3942,0,-0.4315,0.269,0.8611,0,-0.0515,0.9456,-0.3212,0,0.1406,-0.0063,0.3672,1]},
{"frame":200,"values":[0.9025,0.1796,0.3915,0,-0.4278,0.2679,0.8633,0,-0.0502,0.9465,-0.3186,0,0.1426,-0.0042,0.3632,1]},
{"frame":201,"values":[0.9041,0.1764,0.3892,0,-0.4245,0.2667,0.8653,0,-0.0488,0.9475,-0.316,0,0.1425,-0.0021,0.3634,1]},
{"frame":202,"values":[0.9055,0.1735,0.3874,0,-0.4218,0.2654,0.867,0,-0.0476,0.9484,-0.3135,0,0.1424,0.0002,0.364,1]},
{"frame":203,"values":[0.9065,0.1709,0.3861,0,-0.4196,0.264,0.8685,0,-0.0465,0.9493,-0.311,0,0.1421,0.0027,0.3649,1]},
{"frame":204,"values":[0.9073,0.1687,0.3852,0,-0.4181,0.2624,0.8697,0,-0.0456,0.9501,-0.3086,0,0.1417,0.0053,0.3662,1]},
{"frame":205,"values":[0.9078,0.1667,0.3848,0,-0.4169,0.2606,0.8708,0,-0.0448,0.9509,-0.3061,0,0.1413,0.008,0.3678,1]},
{"frame":206,"values":[0.9082,0.1648,0.3846,0,-0.4161,0.2586,0.8718,0,-0.0442,0.9518,-0.3035,0,0.1408,0.0108,0.3697,1]},
{"frame":207,"values":[0.9086,0.163,0.3846,0,-0.4154,0.2563,0.8728,0,-0.0437,0.9527,-0.3006,0,0.1402,0.0135,0.3717,1]},
{"frame":208,"values":[0.909,0.1611,0.3845,0,-0.4146,0.2538,0.8739,0,-0.0433,0.9538,-0.2975,0,0.1396,0.016,0.3738,1]},
{"frame":209,"values":[0.9095,0.1591,0.3841,0,-0.4135,0.2509,0.8752,0,-0.0429,0.9549,-0.294,0,0.1391,0.0184,0.3758,1]},
{"frame":210,"values":[0.9102,0.1568,0.3833,0,-0.412,0.2477,0.8769,0,-0.0425,0.9561,-0.29,0,0.1386,0.0205,0.3777,1]},
{"frame":211,"values":[0.9112,0.1541,0.382,0,-0.4098,0.2442,0.8789,0,-0.0421,0.9574,-0.2857,0,0.1381,0.0223,0.3793,1]},
{"frame":212,"values":[0.9126,0.151,0.3801,0,-0.4068,0.2404,0.8813,0,-0.0417,0.9589,-0.2808,0,0.1377,0.0237,0.3806,1]},
{"frame":213,"values":[0.9142,0.1475,0.3774,0,-0.4031,0.2364,0.8841,0,-0.0412,0.9604,-0.2755,0,0.1375,0.0248,0.3815,1]},
{"frame":214,"values":[0.9163,0.1435,0.374,0,-0.3985,0.2321,0.8873,0,-0.0405,0.962,-0.2699,0,0.1373,0.0255,0.3821,1]},
{"frame":215,"values":[0.9186,0.1391,0.3699,0,-0.3932,0.2276,0.8908,0,-0.0397,0.9638,-0.2638,0,0.1373,0.0258,0.3823,1]},
{"frame":216,"values":[0.9215,0.1344,0.3644,0,-0.3864,0.2233,0.8949,0,-0.0389,0.9654,-0.2577,0,0.1378,0.026,0.3817,1]},
{"frame":217,"values":[0.9253,0.1295,0.3566,0,-0.3774,0.2195,0.8996,0,-0.0382,0.967,-0.252,0,0.1395,0.0262,0.3801,1]},
{"frame":218,"values":[0.9298,0.1242,0.3464,0,-0.366,0.2161,0.9052,0,-0.0376,0.9684,-0.2464,0,0.1425,0.0263,0.3773,1]},
{"frame":219,"values":[0.9352,0.1187,0.3337,0,-0.3522,0.213,0.9114,0,-0.0371,0.9698,-0.241,0,0.1466,0.0265,0.3733,1]},
{"frame":220,"values":[0.9412,0.1127,0.3185,0,-0.3358,0.2098,0.9183,0,-0.0367,0.9712,-0.2353,0,0.1519,0.0266,0.3682,1]},
{"frame":221,"values":[0.9477,0.1063,0.301,0,-0.3172,0.2062,0.9257,0,-0.0363,0.9727,-0.2292,0,0.1582,0.0267,0.3621,1]},
{"frame":222,"values":[0.9544,0.0995,0.2816,0,-0.2964,0.202,0.9334,0,-0.036,0.9743,-0.2223,0,0.1653,0.0267,0.3553,1]},
{"frame":223,"values":[0.961,0.0922,0.2606,0,-0.2741,0.1968,0.9413,0,-0.0355,0.9761,-0.2144,0,0.173,0.0268,0.348,1]},
{"frame":224,"values":[0.9674,0.0847,0.2386,0,-0.2508,0.1903,0.9491,0,-0.0349,0.9781,-0.2054,0,0.181,0.0268,0.3405,1]},
{"frame":225,"values":[0.9733,0.0769,0.2163,0,-0.227,0.1823,0.9567,0,-0.0341,0.9802,-0.1949,0,0.189,0.0268,0.3331,1]},
{"frame":226,"values":[0.9786,0.069,0.1939,0,-0.2032,0.1728,0.9638,0,-0.033,0.9825,-0.1831,0,0.1966,0.0269,0.3259,1]},
{"frame":227,"values":[0.9832,0.0612,0.1721,0,-0.1799,0.1616,0.9703,0,-0.0315,0.985,-0.1699,0,0.2038,0.0269,0.3193,1]},
{"frame":228,"values":[0.9871,0.0534,0.1511,0,-0.1575,0.149,0.9762,0,-0.0296,0.9874,-0.1554,0,0.2105,0.0269,0.3133,1]},
{"frame":229,"values":[0.9903,0.0458,0.1309,0,-0.136,0.1349,0.9815,0,-0.0273,0.9898,-0.1398,0,0.2164,0.0269,0.308,1]},
{"frame":230,"values":[0.9935,0.0369,0.1079,0,-0.1115,0.1153,0.9871,0,-0.024,0.9926,-0.1186,0,0.2228,0.0252,0.3024,1]},
{"frame":231,"values":[0.9965,0.0261,0.0791,0,-0.0811,0.087,0.9929,0,-0.019,0.9959,-0.0888,0,0.2304,0.0204,0.2961,1]},
{"frame":232,"values":[0.9987,0.0152,0.0484,0,-0.0492,0.0545,0.9973,0,-0.0125,0.9984,-0.0552,0,0.2382,0.0134,0.2897,1]},
{"frame":233,"values":[0.9997,0.0066,0.0221,0,-0.0223,0.0254,0.9994,0,-0.0061,0.9997,-0.0255,0,0.2446,0.0065,0.2844,1]},
{"frame":234,"values":[1,0.0016,0.0054,0,-0.0054,0.0063,1,0,-0.0015,1,-0.0063,0,0.2487,0.0017,0.2812,1]},
{"frame":235,"values":[1,0,0,0,0,0,1,0,0,1,0,0,0.25,0,0.2801,1]},
{"frame":240,"values":[1,0,0,0,0,0,1,0,0,1,0,0,0.25,0,0.2801,1]},
{"frame":241,"values":[1,0.0009,0.0011,0,-0.0011,0.0007,1,0,-0.0009,1,-0.0007,0,0.2499,0.0006,0.2811,1]},
{"frame":242,"values":[1,0.0038,0.0044,0,-0.0044,0.0029,1,0,-0.0038,1,-0.0029,0,0.2495,0.0026,0.2842,1]},
{"frame":243,"values":[0.9999,0.0086,0.0099,0,-0.01,0.0066,0.9999,0,-0.0086,0.9999,-0.0067,0,0.2488,0.0058,0.2893,1]},
{"frame":244,"values":[0.9997,0.0155,0.0177,0,-0.0179,0.0118,0.9998,0,-0.0152,0.9998,-0.0121,0,0.2476,0.0099,0.2962,1]},
{"frame":245,"values":[0.9993,0.0243,0.0276,0,-0.0281,0.0184,0.9994,0,-0.0238,0.9995,-0.0191,0,0.2458,0.0146,0.3043,1]},
{"frame":246,"values":[0.9986,0.0352,0.0397,0,-0.0406,0.0264,0.9988,0,-0.0341,0.999,-0.0278,0,0.2434,0.0193,0.313,1]},
{"frame":247,"values":[0.9974,0.0481,0.0538,0,-0.0556,0.0358,0.9978,0,-0.046,0.9982,-0.0384,0,0.2404,0.0234,0.3215,1]},
{"frame":248,"values":[0.9956,0.063,0.0698,0,-0.0728,0.0463,0.9963,0,-0.0595,0.9969,-0.0507,0,0.2369,0.0266,0.329,1]},
{"frame":249,"values":[0.993,0.0799,0.0875,0,-0.0923,0.058,0.994,0,-0.0743,0.9951,-0.0649,0,0.233,0.0286,0.3353,1]},
{"frame":250,"values":[0.9894,0.0986,0.1067,0,-0.1139,0.0705,0.991,0,-0.0902,0.9926,-0.0809,0,0.2287,0.0292,0.34,1]},
{"frame":251,"values":[0.9847,0.119,0.127,0,-0.1374,0.0836,0.987,0,-0.1069,0.9894,-0.0987,0,0.2239,0.029,0.3438,1]},
{"frame":252,"values":[0.9789,0.141,0.1482,0,-0.1626,0.0973,0.9819,0,-0.124,0.9852,-0.1182,0,0.2186,0.0283,0.3474,1]},
{"frame":253,"values":[0.9717,0.1642,0.1698,0,-0.1893,0.1112,0.9756,0,-0.1413,0.9801,-0.1391,0,0.2125,0.0272,0.3509,1]},
{"frame":254,"values":[0.9632,0.1883,0.1916,0,-0.217,0.1251,0.9681,0,-0.1584,0.9741,-0.1613,0,0.2059,0.0257,0.3541,1]},
{"frame":255,"values":[0.9535,0.2131,0.2131,0,-0.2454,0.1388,0.9594,0,-0.1749,0.9671,-0.1846,0,0.1986,0.0238,0.357,1]},
{"frame":256,"values":[0.9426,0.2382,0.234,0,-0.2741,0.152,0.9496,0,-0.1906,0.9592,-0.2086,0,0.191,0.0216,0.3596,1]},
{"frame":257,"values":[0.9307,0.2631,0.2539,0,-0.3027,0.1648,0.9387,0,-0.2052,0.9506,-0.233,0,0.1829,0.0192,0.3619,1]},
{"frame":258,"values":[0.9181,0.2876,0.2727,0,-0.3307,0.1769,0.927,0,-0.2184,0.9413,-0.2575,0,0.1748,0.0166,0.3638,1]},
{"frame":259,"values":[0.905,0.3112,0.29,0,-0.3578,0.1882,0.9146,0,-0.2301,0.9315,-0.2817,0,0.1666,0.0141,0.3654,1]},
{"frame":260,"values":[0.8917,0.3338,0.3057,0,-0.3837,0.1989,0.9018,0,-0.2402,0.9214,-0.3054,0,0.1586,0.0116,0.3667,1]},
{"frame":261,"values":[0.8785,0.3549,0.3199,0,-0.408,0.2088,0.8888,0,-0.2486,0.9113,-0.3282,0,0.151,0.0094,0.3676,1]},
{"frame":262,"values":[0.8657,0.3744,0.3323,0,-0.4305,0.218,0.8759,0,-0.2555,0.9013,-0.3499,0,0.1438,0.0075,0.3684,1]},
{"frame":263,"values":[0.8536,0.3921,0.3431,0,-0.4511,0.2267,0.8632,0,-0.2607,0.8916,-0.3703,0,0.1373,0.006,0.3688,1]},
{"frame":264,"values":[0.8424,0.4078,0.3522,0,-0.4696,0.2348,0.8511,0,-0.2644,0.8823,-0.3893,0,0.1313,0.0049,0.3691,1]},
{"frame":265,"values":[0.8323,0.4216,0.3599,0,-0.486,0.2426,0.8396,0,-0.2667,0.8737,-0.4068,0,0.1261,0.0043,0.3693,1]},
{"frame":266,"values":[0.8235,0.4333,0.3661,0,-0.5001,0.2501,0.8291,0,-0.2676,0.8659,-0.4226,0,0.1214,0.004,0.3694,1]},
{"frame":267,"values":[0.8162,0.4428,0.3711,0,-0.5121,0.2573,0.8195,0,-0.2674,0.8589,-0.4368,0,0.1177,0.0044,0.3689,1]},
{"frame":268,"values":[0.8104,0.4503,0.3748,0,-0.522,0.2644,0.811,0,-0.2661,0.8528,-0.4493,0,0.1152,0.0052,0.3678,1]},
{"frame":269,"values":[0.8062,0.4557,0.3774,0,-0.5296,0.2714,0.8036,0,-0.2638,0.8477,-0.4602,0,0.1142,0.006,0.3667,1]},
{"frame":270,"values":[0.8035,0.4591,0.3789,0,-0.5352,0.2785,0.7975,0,-0.2606,0.8436,-0.4694,0,0.114,0.0063,0.3663,1]},
{"frame":271,"values":[0.8023,0.4606,0.3797,0,-0.5389,0.2855,0.7925,0,-0.2566,0.8404,-0.4773,0,0.1141,0.0061,0.3663,1]},
{"frame":272,"values":[0.8023,0.4605,0.3799,0,-0.5412,0.2925,0.7884,0,-0.2519,0.8381,-0.4839,0,0.1144,0.0055,0.3664,1]},
{"frame":273,"values":[0.8033,0.4588,0.3797,0,-0.5421,0.2991,0.7853,0,-0.2468,0.8367,-0.489,0,0.1149,0.0046,0.3666,1]},
{"frame":274,"values":[0.8048,0.4562,0.3796,0,-0.5421,0.3049,0.783,0,-0.2415,0.836,-0.4927,0,0.1156,0.0032,0.3671,1]},
{"frame":275,"values":[0.8063,0.4534,0.3798,0,-0.542,0.3094,0.7813,0,-0.2367,0.8359,-0.4953,0,0.1162,0.0015,0.3678,1]},
{"frame":276,"values":[0.8071,0.4512,0.3808,0,-0.5426,0.3126,0.7797,0,-0.2328,0.8359,-0.4971,0,0.1168,-0.0004,0.369,1]},
{"frame":277,"values":[0.8068,0.4501,0.3827,0,-0.5443,0.3143,0.7778,0,-0.2299,0.8358,-0.4986,0,0.1171,-0.0024,0.3704,1]},
{"frame":278,"values":[0.8053,0.4505,0.3855,0,-0.5473,0.3148,0.7755,0,-0.228,0.8354,-0.5001,0,0.1172,-0.0042,0.3722,1]},
{"frame":279,"values":[0.8019,0.4522,0.3905,0,-0.5529,0.3141,0.7718,0,-0.2264,0.8348,-0.5019,0,0.1168,-0.0062,0.3744,1]},
{"frame":280,"values":[0.7961,0.455,0.399,0,-0.5622,0.3122,0.7658,0,-0.2239,0.834,-0.5043,0,0.1156,-0.0083,0.3773,1]},
{"frame":281,"values":[0.7879,0.4587,0.4108,0,-0.5749,0.3089,0.7576,0,-0.2206,0.8331,-0.5071,0,0.1136,-0.0106,0.3809,1]},
{"frame":282,"values":[0.7774,0.4634,0.4254,0,-0.5905,0.3045,0.7474,0,-0.2168,0.8322,-0.5103,0,0.111,-0.0131,0.3849,1]},
{"frame":283,"values":[0.765,0.4686,0.4418,0,-0.608,0.2991,0.7355,0,-0.2125,0.8312,-0.5137,0,0.1078,-0.0158,0.3893,1]},
{"frame":284,"values":[0.7514,0.4741,0.4588,0,-0.6261,0.293,0.7226,0,-0.2082,0.8303,-0.517,0,0.1043,-0.0185,0.3938,1]},
{"frame":285,"values":[0.7377,0.4796,0.4752,0,-0.6435,0.2868,0.7097,0,-0.2041,0.8293,-0.5201,0,0.1008,-0.0211,0.3981,1]},
{"frame":286,"values":[0.7249,0.4845,0.4896,0,-0.659,0.2808,0.6978,0,-0.2006,0.8285,-0.5229,0,0.0976,-0.0237,0.4018,1]},
{"frame":287,"values":[0.714,0.4888,0.5012,0,-0.6715,0.2757,0.6878,0,-0.198,0.8277,-0.5251,0,0.0949,-0.0262,0.4049,1]},
{"frame":288,"values":[0.7057,0.4923,0.5094,0,-0.6806,0.2717,0.6804,0,-0.1966,0.8269,-0.5268,0,0.0929,-0.0284,0.4071,1]},
{"frame":289,"values":[0.7005,0.495,0.5141,0,-0.6862,0.269,0.6759,0,-0.1963,0.8262,-0.528,0,0.0917,-0.0304,0.4084,1]},
{"frame":290,"values":[0.6984,0.4967,0.5153,0,-0.6881,0.2676,0.6745,0,-0.1972,0.8256,-0.5287,0,0.0913,-0.0322,0.4089,1]},
{"frame":291,"values":[0.698,0.498,0.5146,0,-0.688,0.267,0.6748,0,-0.1987,0.825,-0.529,0,0.0914,-0.0338,0.4089,1]},
{"frame":292,"values":[0.6979,0.4993,0.5135,0,-0.6875,0.2664,0.6755,0,-0.2005,0.8245,-0.5292,0,0.0916,-0.0355,0.4089,1]},
{"frame":293,"values":[0.6982,0.5004,0.512,0,-0.6867,0.2658,0.6766,0,-0.2025,0.824,-0.5292,0,0.0918,-0.0371,0.4089,1]},
{"frame":294,"values":[0.6989,0.5014,0.5101,0,-0.6853,0.2653,0.6782,0,-0.2047,0.8235,-0.5291,0,0.0922,-0.0388,0.4089,1]},
{"frame":295,"values":[0.6999,0.5023,0.5078,0,-0.6836,0.2649,0.6801,0,-0.2071,0.8231,-0.5288,0,0.0928,-0.0404,0.4089,1]},
