{"producer":{"name":"Blender","version":"2.79 (sub 0)","exporter_version":"5.6.4","file":"gun_m24.babylon"},
"autoClear":true,"clearColor":[0.0509,0.0509,0.0509],"ambientColor":[0,0,0],"gravity":[0,-9.81,0],
"materials":[{"name":"gun_m24.phong1.021","id":"gun_m24.phong1.021","ambient":[0.5,0.5,0.5],"diffuse":[0.4,0.4,0.4],"specular":[0,0,0],"emissive":[0,0,0],"specularPower":103,"alpha":1,"backFaceCulling":true,"checkReadyOnlyOnce":false,"maxSimultaneousLights":4},
{"name":"gun_m24.phong1.020","id":"gun_m24.phong1.020","ambient":[0.5,0.5,0.5],"diffuse":[0.4,0.4,0.4],"specular":[0,0,0],"emissive":[0,0,0],"specularPower":103,"alpha":1,"backFaceCulling":true,"checkReadyOnlyOnce":false,"maxSimultaneousLights":4},
{"name":"gun_m24.phong1.019","id":"gun_m24.phong1.019","ambient":[0.5,0.5,0.5],"diffuse":[0.4,0.4,0.4],"specular":[0,0,0],"emissive":[0,0,0],"specularPower":103,"alpha":1,"backFaceCulling":true,"checkReadyOnlyOnce":false,"maxSimultaneousLights":4},
{"name":"gun_m24.phong1.018","id":"gun_m24.phong1.018","ambient":[0.5,0.5,0.5],"diffuse":[0.4,0.4,0.4],"specular":[0,0,0],"emissive":[0,0,0],"specularPower":103,"alpha":1,"backFaceCulling":true,"checkReadyOnlyOnce":false,"maxSimultaneousLights":4},
{"name":"gun_m24.phong1.017","id":"gun_m24.phong1.017","ambient":[0.5,0.5,0.5],"diffuse":[0.4,0.4,0.4],"specular":[0,0,0],"emissive":[0,0,0],"specularPower":103,"alpha":1,"backFaceCulling":true,"checkReadyOnlyOnce":false,"maxSimultaneousLights":4},
{"name":"gun_m24.phong1.016","id":"gun_m24.phong1.016","ambient":[0.5,0.5,0.5],"diffuse":[0.4,0.4,0.4],"specular":[0,0,0],"emissive":[0,0,0],"specularPower":103,"alpha":1,"backFaceCulling":true,"checkReadyOnlyOnce":false,"maxSimultaneousLights":4},
{"name":"gun_m24.phong1.015","id":"gun_m24.phong1.015","ambient":[0.5,0.5,0.5],"diffuse":[0.4,0.4,0.4],"specular":[0,0,0],"emissive":[0,0,0],"specularPower":103,"alpha":1,"backFaceCulling":true,"checkReadyOnlyOnce":false,"maxSimultaneousLights":4},
{"name":"gun_m24.phong1.014","id":"gun_m24.phong1.014","ambient":[0.5,0.5,0.5],"diffuse":[0.4,0.4,0.4],"specular":[0,0,0],"emissive":[0,0,0],"specularPower":103,"alpha":1,"backFaceCulling":true,"checkReadyOnlyOnce":false,"maxSimultaneousLights":4},
{"name":"gun_m24.phong1.013","id":"gun_m24.phong1.013","ambient":[0.5,0.5,0.5],"diffuse":[0.4,0.4,0.4],"specular":[0,0,0],"emissive":[0,0,0],"specularPower":103,"alpha":1,"backFaceCulling":true,"checkReadyOnlyOnce":false,"maxSimultaneousLights":4},
{"name":"gun_m24.phong1.012","id":"gun_m24.phong1.012","ambient":[0.5,0.5,0.5],"diffuse":[0.4,0.4,0.4],"specular":[0,0,0],"emissive":[0,0,0],"specularPower":103,"alpha":1,"backFaceCulling":true,"checkReadyOnlyOnce":false,"maxSimultaneousLights":4},
{"name":"gun_m24.phong1.011","id":"gun_m24.phong1.011","ambient":[0.5,0.5,0.5],"diffuse":[0.4,0.4,0.4],"specular":[0,0,0],"emissive":[0,0,0],"specularPower":103,"alpha":1,"backFaceCulling":true,"checkReadyOnlyOnce":false,"maxSimultaneousLights":4},
{"name":"gun_m24.phong1.009","id":"gun_m24.phong1.009","ambient":[0.5,0.5,0.5],"diffuse":[0.4,0.4,0.4],"specular":[0,0,0],"emissive":[0,0,0],"specularPower":103,"alpha":1,"backFaceCulling":true,"checkReadyOnlyOnce":false,"maxSimultaneousLights":4},
{"name":"gun_m24.phong1.008","id":"gun_m24.phong1.008","ambient":[0.5,0.5,0.5],"diffuse":[0.4,0.4,0.4],"specular":[0,0,0],"emissive":[0,0,0],"specularPower":103,"alpha":1,"backFaceCulling":true,"checkReadyOnlyOnce":false,"maxSimultaneousLights":4},
{"name":"gun_m24.phong1.007","id":"gun_m24.phong1.007","ambient":[0.5,0.5,0.5],"diffuse":[0.4,0.4,0.4],"specular":[0,0,0],"emissive":[0,0,0],"specularPower":103,"alpha":1,"backFaceCulling":true,"checkReadyOnlyOnce":false,"maxSimultaneousLights":4},
{"name":"gun_m24.phong1.006","id":"gun_m24.phong1.006","ambient":[0.5,0.5,0.5],"diffuse":[0.4,0.4,0.4],"specular":[0,0,0],"emissive":[0,0,0],"specularPower":103,"alpha":1,"backFaceCulling":true,"checkReadyOnlyOnce":false,"maxSimultaneousLights":4},
{"name":"gun_m24.phong1.005","id":"gun_m24.phong1.005","ambient":[0.5,0.5,0.5],"diffuse":[0.4,0.4,0.4],"specular":[0,0,0],"emissive":[0,0,0],"specularPower":103,"alpha":1,"backFaceCulling":true,"checkReadyOnlyOnce":false,"maxSimultaneousLights":4},
{"name":"gun_m24.phong1.004","id":"gun_m24.phong1.004","ambient":[0.5,0.5,0.5],"diffuse":[0.4,0.4,0.4],"specular":[0,0,0],"emissive":[0,0,0],"specularPower":103,"alpha":1,"backFaceCulling":true,"checkReadyOnlyOnce":false,"maxSimultaneousLights":4},
{"name":"gun_m24.phong1.003","id":"gun_m24.phong1.003","ambient":[0.5,0.5,0.5],"diffuse":[0.4,0.4,0.4],"specular":[0,0,0],"emissive":[0,0,0],"specularPower":103,"alpha":1,"backFaceCulling":true,"checkReadyOnlyOnce":false,"maxSimultaneousLights":4},
{"name":"gun_m24.phong1.002","id":"gun_m24.phong1.002","ambient":[0.5,0.5,0.5],"diffuse":[0.4,0.4,0.4],"specular":[0,0,0],"emissive":[0,0,0],"specularPower":103,"alpha":1,"backFaceCulling":true,"checkReadyOnlyOnce":false,"maxSimultaneousLights":4},
{"name":"gun_m24.phong1.001","id":"gun_m24.phong1.001","ambient":[0.5,0.5,0.5],"diffuse":[0.4,0.4,0.4],"specular":[0,0,0],"emissive":[0,0,0],"specularPower":103,"alpha":1,"backFaceCulling":true,"checkReadyOnlyOnce":false,"maxSimultaneousLights":4},
{"name":"gun_m24.phong1","id":"gun_m24.phong1","ambient":[0.5,0.5,0.5],"diffuse":[0.4,0.4,0.4],"specular":[0,0,0],"emissive":[0,0,0],"specularPower":103,"alpha":1,"backFaceCulling":true,"checkReadyOnlyOnce":false,"maxSimultaneousLights":4},
{"name":"gun_m24.phong1.010","id":"gun_m24.phong1.010","ambient":[0.5,0.5,0.5],"diffuse":[0.4,0.4,0.4],"specular":[0,0,0],"emissive":[0,0,0],"specularPower":103,"alpha":1,"backFaceCulling":true,"checkReadyOnlyOnce":false,"maxSimultaneousLights":4}],
"multiMaterials":[],
"skeletons":[{"name":"gun_m24_skeleton","id":0,"dimensionsAtRest":[0.5,0.1905,0.453],"bones":[
{"name":"body","index":0,"matrix":[1,0,0,0,0,0,1,0,0,1,0,0,0.25,0,0.3678,1],"rest":[1,0,0,0,0,0,1,0,0,1,0,0,0,0,0.0545,1],"parentBoneIndex":-1,"length":0.1064
,"animation":{"dataType":3,"framePerSecond":60,"keys":[
{"frame":0,"values":[1,0,0,0,0,0,1,0,0,1,0,0,0.25,0,0.3825,1]},
{"frame":1,"values":[1,0,0,0,0,0.02,0.9998,0,0,0.9998,-0.02,0,0.25,0.0046,0.363,1]},
{"frame":2,"values":[1,0,0,0,0,0.0321,0.9995,0,0,0.9995,-0.0321,0,0.25,0.0075,0.3638,1]},
{"frame":3,"values":[1,0,0,0,0,0.0417,0.9991,0,0,0.9991,-0.0417,0,0.25,0.0098,0.3662,1]},
{"frame":4,"values":[1,0,0,0,0,0.0477,0.9989,0,0,0.9989,-0.0477,0,0.25,0.0114,0.3696,1]},
{"frame":5,"values":[1,0,0,0,0,0.0504,0.9987,0,0,0.9987,-0.0504,0,0.25,0.0122,0.3729,1]},
{"frame":6,"values":[1,0,0,0,0,0.0511,0.9987,0,0,0.9987,-0.0511,0,0.25,0.0124,0.3751,1]},
{"frame":7,"values":[1,0,0,0,0,0.0497,0.9988,0,0,0.9988,-0.0497,0,0.25,0.012,0.3767,1]},
{"frame":8,"values":[1,0,0,0,0,0.0455,0.999,0,0,0.999,-0.0455,0,0.25,0.011,0.3781,1]},
{"frame":9,"values":[1,0,0,0,0,0.0387,0.9992,0,0,0.9992,-0.0387,0,0.25,0.0094,0.3794,1]},
{"frame":10,"values":[1,0,0,0,0,0.0302,0.9995,0,0,0.9995,-0.0302,0,0.25,0.0073,0.3805,1]},
{"frame":11,"values":[1,0,0,0,0,0.0209,0.9998,0,0,0.9998,-0.0209,0,0.25,0.0051,0.3813,1]},
{"frame":12,"values":[1,0,0,0,0,0.0123,0.9999,0,0,0.9999,-0.0123,0,0.25,0.003,0.3819,1]},
{"frame":13,"values":[1,0,0,0,0,0.0056,1,0,0,1,-0.0056,0,0.25,0.0014,0.3822,1]},
{"frame":14,"values":[1,0,0,0,0,0.0014,1,0,0,1,-0.0014,0,0.25,0.0003,0.3824,1]},
{"frame":15,"values":[1,0,0,0,0,0,1,0,0,1,0,0,0.25,0,0.3825,1]},
{"frame":20,"values":[1,0,0,0,0,0,1,0,0,1,0,0,0.25,0,0.3825,1]},
{"frame":21,"values":[1,0,0,0,0,0,1,0,0,1,0,0,0.25,0,0.3825,1]},
{"frame":30,"values":[1,0,0,0,0,0,1,0,0,1,0,0,0.25,0,0.3678,1]},
{"frame":31,"values":[1,0.0058,0.0018,0,-0.0018,0.0021,1,0,-0.0058,1,-0.0021,0,0.2496,0,0.3678,1]},
{"frame":32,"values":[0.9997,0.0231,0.007,0,-0.0072,0.0082,0.9999,0,-0.0231,0.9997,-0.0084,0,0.2482,0,0.3678,1]},
{"frame":33,"values":[0.9986,0.0515,0.0153,0,-0.0162,0.018,0.9997,0,-0.0512,0.9985,-0.0188,0,0.246,0,0.3678,1]},
{"frame":34,"values":[0.9957,0.0887,0.0257,0,-0.0285,0.0305,0.9991,0,-0.0878,0.9956,-0.0329,0,0.2432,0,0.3678,1]},
{"frame":35,"values":[0.9907,0.1309,0.0368,0,-0.0429,0.044,0.9981,0,-0.129,0.9904,-0.0492,0,0.2399,0,0.3678,1]},
{"frame":36,"values":[0.9838,0.173,0.0472,0,-0.0578,0.0569,0.9967,0,-0.1697,0.9833,-0.066,0,0.2367,0,0.3678,1]},
{"frame":37,"values":[0.9761,0.21,0.0558,0,-0.0714,0.0678,0.9951,0,-0.2051,0.9754,-0.0812,0,0.2338,0,0.3678,1]},
{"frame":38,"values":[0.9693,0.238,0.0619,0,-0.0821,0.0757,0.9937,0,-0.2319,0.9683,-0.0929,0,0.2317,0,0.3678,1]},
{"frame":39,"values":[0.9647,0.2552,0.0655,0,-0.0887,0.0804,0.9928,0,-0.2481,0.9635,-0.1002,0,0.2303,0,0.3678,1]},
{"frame":40,"values":[0.9631,0.2609,0.0667,0,-0.0909,0.0819,0.9925,0,-0.2535,0.9619,-0.1026,0,0.2299,0,0.3678,1]},
{"frame":44,"values":[0.9533,0.2953,0.0637,0,-0.0933,0.0872,0.9918,0,-0.2874,0.9514,-0.1107,0,0.2299,0.0022,0.3678,1]},
{"frame":45,"values":[0.9423,0.3294,0.0597,0,-0.0962,0.0955,0.9908,0,-0.3207,0.9393,-0.1216,0,0.2299,0.0053,0.3678,1]},
{"frame":46,"values":[0.9424,0.3294,0.0586,0,-0.0966,0.1003,0.9903,0,-0.3203,0.9389,-0.1264,0,0.2298,0.0067,0.3671,1]},
{"frame":47,"values":[0.9426,0.3289,0.0576,0,-0.0969,0.1043,0.9898,0,-0.3195,0.9386,-0.1301,0,0.2298,0.0079,0.3652,1]},
{"frame":48,"values":[0.9429,0.3281,0.0568,0,-0.0969,0.1072,0.9895,0,-0.3185,0.9386,-0.1328,0,0.2297,0.0087,0.3623,1]},
{"frame":49,"values":[0.9434,0.327,0.0561,0,-0.0966,0.109,0.9893,0,-0.3174,0.9387,-0.1344,0,0.2295,0.0092,0.359,1]},
{"frame":50,"values":[0.9438,0.3258,0.0556,0,-0.0962,0.1099,0.9893,0,-0.3162,0.939,-0.1351,0,0.2294,0.0094,0.3561,1]},
{"frame":51,"values":[0.9442,0.3246,0.0551,0,-0.0956,0.1103,0.9893,0,-0.3151,0.9394,-0.1352,0,0.2294,0.0095,0.3542,1]},
{"frame":52,"values":[0.9446,0.3237,0.0546,0,-0.095,0.1105,0.9893,0,-0.3142,0.9397,-0.1351,0,0.2294,0.0095,0.3535,1]},
{"frame":53,"values":[0.9449,0.3228,0.0541,0,-0.0944,0.1105,0.9894,0,-0.3134,0.94,-0.1349,0,0.2294,0.0094,0.3535,1]},
{"frame":54,"values":[0.9453,0.3218,0.0536,0,-0.0936,0.1104,0.9895,0,-0.3125,0.9404,-0.1345,0,0.2294,0.0092,0.3535,1]},
{"frame":55,"values":[0.9457,0.3208,0.053,0,-0.0928,0.11,0.9896,0,-0.3116,0.9407,-0.1338,0,0.2294,0.0089,0.3535,1]},
{"frame":56,"values":[0.946,0.3198,0.0525,0,-0.0919,0.1095,0.9897,0,-0.3107,0.9412,-0.133,0,0.2294,0.0085,0.3535,1]},
{"frame":57,"values":[0.9464,0.3187,0.052,0,-0.091,0.1087,0.9899,0,-0.3098,0.9416,-0.1319,0,0.2294,0.008,0.3535,1]},
{"frame":58,"values":[0.9468,0.3176,0.0514,0,-0.0899,0.1078,0.9901,0,-0.3089,0.9421,-0.1306,0,0.2294,0.0073,0.3535,1]},
{"frame":59,"values":[0.9473,0.3164,0.0509,0,-0.0888,0.1066,0.9903,0,-0.3079,0.9426,-0.1291,0,0.2294,0.0065,0.3535,1]},
{"frame":60,"values":[0.9477,0.3152,0.0504,0,-0.0877,0.1053,0.9906,0,-0.3069,0.9432,-0.1274,0,0.2294,0.0056,0.3535,1]},
{"frame":61,"values":[0.9481,0.314,0.0498,0,-0.0864,0.1038,0.9908,0,-0.3059,0.9437,-0.1255,0,0.2294,0.0046,0.3535,1]},
{"frame":62,"values":[0.9486,0.3127,0.0493,0,-0.0852,0.1021,0.9911,0,-0.3049,0.9443,-0.1235,0,0.2294,0.0035,0.3535,1]},
{"frame":63,"values":[0.949,0.3114,0.0487,0,-0.0838,0.1003,0.9914,0,-0.3039,0.945,-0.1213,0,0.2294,0.0023,0.3535,1]},
{"frame":64,"values":[0.9495,0.3102,0.0482,0,-0.0825,0.0984,0.9917,0,-0.3029,0.9456,-0.119,0,0.2294,0.001,0.3535,1]},
{"frame":65,"values":[0.9499,0.3089,0.0477,0,-0.0811,0.0963,0.992,0,-0.3018,0.9462,-0.1165,0,0.2294,-0.0003,0.3535,1]},
{"frame":66,"values":[0.9503,0.3076,0.0472,0,-0.0797,0.0941,0.9924,0,-0.3008,0.9468,-0.114,0,0.2294,-0.0017,0.3535,1]},
{"frame":67,"values":[0.9508,0.3064,0.0467,0,-0.0783,0.0919,0.9927,0,-0.2999,0.9475,-0.1114,0,0.2294,-0.0031,0.3535,1]},
{"frame":68,"values":[0.9512,0.3052,0.0462,0,-0.077,0.0897,0.993,0,-0.2989,0.9481,-0.1088,0,0.2294,-0.0046,0.3535,1]},
{"frame":69,"values":[0.9516,0.304,0.0457,0,-0.0756,0.0874,0.9933,0,-0.298,0.9486,-0.1062,0,0.2294,-0.006,0.3535,1]},
{"frame":70,"values":[0.9519,0.3029,0.0453,0,-0.0743,0.0852,0.9936,0,-0.2971,0.9492,-0.1036,0,0.2294,-0.0074,0.3535,1]},
{"frame":71,"values":[0.9523,0.3018,0.0448,0,-0.0731,0.083,0.9939,0,-0.2963,0.9497,-0.1011,0,0.2294,-0.0088,0.3535,1]},
{"frame":72,"values":[0.9526,0.3008,0.0444,0,-0.0719,0.0809,0.9941,0,-0.2955,0.9502,-0.0987,0,0.2294,-0.0101,0.3535,1]},
{"frame":73,"values":[0.953,0.2999,0.0441,0,-0.0708,0.0789,0.9944,0,-0.2947,0.9507,-0.0964,0,0.2294,-0.0114,0.3535,1]},
{"frame":74,"values":[0.9532,0.299,0.0437,0,-0.0698,0.077,0.9946,0,-0.294,0.9511,-0.0943,0,0.2294,-0.0126,0.3535,1]},
{"frame":75,"values":[0.9535,0.2982,0.0434,0,-0.0688,0.0752,0.9948,0,-0.2934,0.9515,-0.0923,0,0.2294,-0.0137,0.3535,1]},
{"frame":76,"values":[0.9537,0.2975,0.0432,0,-0.068,0.0736,0.995,0,-0.2929,0.9519,-0.0905,0,0.2294,-0.0147,0.3535,1]},
{"frame":77,"values":[0.9539,0.2969,0.0429,0,-0.0672,0.0722,0.9951,0,-0.2924,0.9522,-0.0888,0,0.2294,-0.0156,0.3535,1]},
{"frame":78,"values":[0.9541,0.2964,0.0427,0,-0.0666,0.0709,0.9953,0,-0.292,0.9524,-0.0874,0,0.2294,-0.0164,0.3535,1]},
{"frame":79,"values":[0.9543,0.2959,0.0425,0,-0.066,0.0699,0.9954,0,-0.2916,0.9526,-0.0862,0,0.2294,-0.0171,0.3535,1]},
{"frame":80,"values":[0.9544,0.2956,0.0424,0,-0.0656,0.069,0.9955,0,-0.2913,0.9528,-0.0852,0,0.2294,-0.0176,0.3535,1]},
{"frame":81,"values":[0.9545,0.2953,0.0423,0,-0.0653,0.0683,0.9955,0,-0.2911,0.953,-0.0845,0,0.2294,-0.0181,0.3535,1]},
{"frame":82,"values":[0.9545,0.2951,0.0422,0,-0.065,0.0678,0.9956,0,-0.2909,0.9531,-0.0839,0,0.2294,-0.0184,0.3535,1]},
{"frame":83,"values":[0.9546,0.295,0.0422,0,-0.0649,0.0675,0.9956,0,-0.2908,0.9531,-0.0836,0,0.2294,-0.0186,0.3535,1]},
{"frame":84,"values":[0.9546,0.295,0.0422,0,-0.0648,0.0674,0.9956,0,-0.2908,0.9531,-0.0835,0,0.2294,-0.0186,0.3535,1]},
{"frame":85,"values":[0.9542,0.2961,0.0421,0,-0.0649,0.0675,0.9956,0,-0.2919,0.9528,-0.0837,0,0.2294,-0.0185,0.3535,1]},
{"frame":86,"values":[0.9532,0.2995,0.042,0,-0.0652,0.0679,0.9956,0,-0.2953,0.9517,-0.0843,0,0.2294,-0.0181,0.3535,1]},
{"frame":87,"values":[0.9514,0.3052,0.0417,0,-0.0657,0.0686,0.9955,0,-0.301,0.9498,-0.0853,0,0.2294,-0.0173,0.3535,1]},
{"frame":88,"values":[0.9488,0.3131,0.0414,0,-0.0664,0.0695,0.9954,0,-0.3088,0.9472,-0.0868,0,0.2294,-0.0163,0.3535,1]},
{"frame":89,"values":[0.9454,0.3232,0.0409,0,-0.0672,0.0707,0.9952,0,-0.3188,0.9437,-0.0886,0,0.2294,-0.0151,0.3535,1]},
{"frame":90,"values":[0.9412,0.3353,0.0403,0,-0.0683,0.0721,0.9951,0,-0.3307,0.9393,-0.0908,0,0.2294,-0.0136,0.3535,1]},
{"frame":91,"values":[0.9362,0.3491,0.0396,0,-0.0696,0.0737,0.9948,0,-0.3444,0.9342,-0.0933,0,0.2294,-0.0118,0.3535,1]},
{"frame":92,"values":[0.9305,0.3643,0.0388,0,-0.0711,0.0754,0.9946,0,-0.3595,0.9282,-0.0961,0,0.2294,-0.0099,0.3535,1]},
{"frame":93,"values":[0.924,0.3806,0.0379,0,-0.0726,0.0773,0.9944,0,-0.3755,0.9215,-0.0991,0,0.2294,-0.0078,0.3535,1]},
{"frame":94,"values":[0.9169,0.3974,0.0369,0,-0.0744,0.0792,0.9941,0,-0.3921,0.9142,-0.1021,0,0.2294,-0.0057,0.3535,1]},
{"frame":95,"values":[0.9094,0.4143,0.0359,0,-0.0761,0.081,0.9938,0,-0.4088,0.9065,-0.1052,0,0.2294,-0.0035,0.3535,1]},
{"frame":96,"values":[0.9018,0.4308,0.0348,0,-0.0779,0.0828,0.9935,0,-0.4252,0.8986,-0.1083,0,0.2294,-0.0013,0.3535,1]},
{"frame":97,"values":[0.8941,0.4465,0.0338,0,-0.0797,0.0845,0.9932,0,-0.4407,0.8908,-0.1112,0,0.2294,0.0008,0.3535,1]},
{"frame":98,"values":[0.8868,0.461,0.0327,0,-0.0814,0.0861,0.993,0,-0.455,0.8832,-0.1139,0,0.2294,0.0027,0.3535,1]},
{"frame":99,"values":[0.8799,0.474,0.0318,0,-0.083,0.0874,0.9927,0,-0.4678,0.8762,-0.1163,0,0.2294,0.0044,0.3535,1]},
{"frame":100,"values":[0.8738,0.4852,0.031,0,-0.0844,0.0886,0.9925,0,-0.4788,0.8699,-0.1184,0,0.2294,0.006,0.3535,1]},
{"frame":101,"values":[0.8687,0.4945,0.0304,0,-0.0857,0.0895,0.9923,0,-0.4879,0.8646,-0.1201,0,0.2294,0.0072,0.3535,1]},
{"frame":102,"values":[0.8645,0.5017,0.0299,0,-0.0867,0.0903,0.9921,0,-0.4951,0.8603,-0.1215,0,0.2294,0.0082,0.3535,1]},
{"frame":103,"values":[0.8615,0.5069,0.0296,0,-0.0875,0.0907,0.992,0,-0.5001,0.8572,-0.1225,0,0.2294,0.0089,0.3535,1]},
{"frame":104,"values":[0.8597,0.5099,0.0296,0,-0.0881,0.091,0.9919,0,-0.5031,0.8554,-0.1232,0,0.2294,0.0093,0.3535,1]},
{"frame":105,"values":[0.8591,0.511,0.0297,0,-0.0884,0.091,0.9919,0,-0.5041,0.8548,-0.1234,0,0.2294,0.0095,0.3535,1]},
{"frame":106,"values":[0.8591,0.511,0.0302,0,-0.0883,0.0899,0.992,0,-0.5042,0.8549,-0.1223,0,0.2294,0.0092,0.3539,1]},
{"frame":107,"values":[0.8591,0.5109,0.0314,0,-0.0876,0.0864,0.9924,0,-0.5043,0.8553,-0.119,0,0.2294,0.0084,0.355,1]},
{"frame":108,"values":[0.8591,0.5107,0.033,0,-0.0863,0.081,0.993,0,-0.5045,0.8559,-0.1136,0,0.2294,0.0073,0.3566,1]},
{"frame":109,"values":[0.8593,0.5103,0.0348,0,-0.0847,0.0747,0.9936,0,-0.5045,0.8567,-0.1074,0,0.2294,0.0061,0.3582,1]},
{"frame":110,"values":[0.8595,0.5098,0.0365,0,-0.0831,0.069,0.9941,0,-0.5043,0.8575,-0.1017,0,0.2294,0.0053,0.3593,1]},
{"frame":111,"values":[0.8599,0.509,0.0378,0,-0.0819,0.0646,0.9945,0,-0.5038,0.8583,-0.0972,0,0.2294,0.005,0.3597,1]},
{"frame":112,"values":[0.8629,0.504,0.0386,0,-0.0803,0.0614,0.9949,0,-0.499,0.8615,-0.0935,0,0.2296,0.005,0.3595,1]},
{"frame":113,"values":[0.8707,0.4902,0.0388,0,-0.0777,0.0591,0.9952,0,-0.4856,0.8696,-0.0896,0,0.2302,0.005,0.359,1]},
{"frame":114,"values":[0.883,0.4678,0.0386,0,-0.074,0.0576,0.9956,0,-0.4636,0.8819,-0.0855,0,0.2313,0.005,0.3582,1]},
{"frame":115,"values":[0.8985,0.4374,0.0377,0,-0.0695,0.0568,0.996,0,-0.4335,0.8975,-0.0814,0,0.2327,0.005,0.3572,1]},
{"frame":116,"values":[0.9156,0.4005,0.0364,0,-0.0642,0.0563,0.9963,0,-0.397,0.9146,-0.0772,0,0.2344,0.005,0.3559,1]},
{"frame":117,"values":[0.9325,0.3596,0.0346,0,-0.0585,0.0558,0.9967,0,-0.3565,0.9314,-0.0731,0,0.2362,0.005,0.3546,1]},
{"frame":118,"values":[0.9475,0.3181,0.0327,0,-0.0529,0.0552,0.9971,0,-0.3154,0.9464,-0.0691,0,0.2381,0.005,0.3532,1]},
{"frame":119,"values":[0.9596,0.2796,0.0308,0,-0.0478,0.0541,0.9974,0,-0.2772,0.9586,-0.0652,0,0.2398,0.005,0.3519,1]},
{"frame":120,"values":[0.9685,0.2471,0.0292,0,-0.0434,0.0524,0.9977,0,-0.245,0.9676,-0.0615,0,0.2412,0.005,0.3509,1]},
{"frame":121,"values":[0.9744,0.2229,0.028,0,-0.0402,0.0502,0.9979,0,-0.2211,0.9735,-0.0579,0,0.2423,0.005,0.3501,1]},
{"frame":122,"values":[0.9777,0.2082,0.0274,0,-0.0381,0.0474,0.9982,0,-0.2065,0.9769,-0.0543,0,0.2429,0.005,0.3496,1]},
{"frame":123,"values":[0.9787,0.2033,0.0274,0,-0.0371,0.0441,0.9983,0,-0.2018,0.9781,-0.0507,0,0.2431,0.005,0.3495,1]},
{"frame":124,"values":[0.9787,0.2035,0.0279,0,-0.0369,0.0405,0.9985,0,-0.2021,0.9782,-0.0471,0,0.2431,0.0048,0.3503,1]},
{"frame":125,"values":[0.9785,0.2043,0.0285,0,-0.0368,0.0367,0.9986,0,-0.2029,0.9782,-0.0435,0,0.2431,0.0041,0.3526,1]},
{"frame":126,"values":[0.9783,0.2053,0.0293,0,-0.0368,0.0328,0.9988,0,-0.2041,0.9781,-0.0396,0,0.2431,0.003,0.3562,1]},
{"frame":127,"values":[0.978,0.2064,0.0301,0,-0.0368,0.0285,0.9989,0,-0.2053,0.9781,-0.0354,0,0.2431,0.0016,0.3599,1]},
{"frame":128,"values":[0.9778,0.2071,0.0309,0,-0.0366,0.0239,0.999,0,-0.2062,0.978,-0.031,0,0.2431,0.0002,0.3628,1]},
{"frame":129,"values":[0.9778,0.2073,0.0315,0,-0.0362,0.0191,0.9992,0,-0.2065,0.9781,-0.0262,0,0.2431,-0.001,0.3644,1]},
{"frame":130,"values":[0.9785,0.2036,0.0321,0,-0.0356,0.0133,0.9993,0,-0.2031,0.979,-0.0203,0,0.2431,-0.0023,0.3651,1]},
{"frame":131,"values":[0.9808,0.1924,0.0329,0,-0.0347,0.0061,0.9994,0,-0.1921,0.9813,-0.0126,0,0.2432,-0.004,0.3656,1]},
{"frame":132,"values":[0.984,0.1748,0.0334,0,-0.0336,-0.0016,0.9994,0,-0.1748,0.9846,-0.0043,0,0.2434,-0.0057,0.3659,1]},
{"frame":133,"values":[0.9875,0.1543,0.0333,0,-0.0324,-0.0081,0.9994,0,-0.1545,0.988,0.003,0,0.2436,-0.0072,0.3661,1]},
{"frame":134,"values":[0.9903,0.1351,0.0325,0,-0.0312,-0.0122,0.9994,0,-0.1355,0.9908,0.0078,0,0.2439,-0.0081,0.3662,1]},
{"frame":135,"values":[0.9923,0.12,0.0312,0,-0.0298,-0.0133,0.9995,0,-0.1203,0.9927,0.0096,0,0.2442,-0.0084,0.3663,1]},
{"frame":136,"values":[0.9939,0.1067,0.0292,0,-0.028,-0.0128,0.9995,0,-0.107,0.9942,0.0097,0,0.2445,-0.0084,0.3666,1]},
{"frame":137,"values":[0.9954,0.0923,0.0265,0,-0.0255,-0.0118,0.9996,0,-0.0926,0.9957,0.0094,0,0.2449,-0.0081,0.3667,1]},
{"frame":138,"values":[0.9968,0.0771,0.0231,0,-0.0224,-0.0105,0.9997,0,-0.0773,0.997,0.0087,0,0.2453,-0.0077,0.3669,1]},
{"frame":139,"values":[0.9979,0.0617,0.0192,0,-0.0187,-0.0088,0.9998,0,-0.0618,0.9981,0.0076,0,0.2458,-0.0071,0.3671,1]},
{"frame":140,"values":[0.9988,0.0466,0.015,0,-0.0147,-0.0069,0.9999,0,-0.0467,0.9989,0.0062,0,0.2463,-0.0064,0.3672,1]},
{"frame":141,"values":[0.9994,0.0328,0.0109,0,-0.0107,-0.0051,0.9999,0,-0.0329,0.9994,0.0047,0,0.2469,-0.0056,0.3674,1]},
{"frame":142,"values":[0.9998,0.021,0.0072,0,-0.0071,-0.0033,1,0,-0.021,0.9998,0.0032,0,0.2474,-0.0047,0.3675,1]},
{"frame":143,"values":[0.9999,0.0117,0.0041,0,-0.004,-0.0019,1,0,-0.0117,0.9999,0.0019,0,0.248,-0.0038,0.3676,1]},
{"frame":144,"values":[1,0.0051,0.0018,0,-0.0018,-0.0008,1,0,-0.0051,1,0.0008,0,0.2485,-0.0029,0.3676,1]},
{"frame":145,"values":[1,0.0012,0.0004,0,-0.0004,-0.0002,1,0,-0.0012,1,0.0002,0,0.2489,-0.002,0.3677,1]},
{"frame":146,"values":[1,0,0,0,0,0,1,0,0,1,0,0,0.2493,-0.0013,0.3677,1]},
{"frame":147,"values":[1,0,0,0,0,0,1,0,0,1,0,0,0.2496,-0.0007,0.3678,1]},
{"frame":148,"values":[1,0,0,0,0,0,1,0,0,1,0,0,0.2498,-0.0003,0.3678,1]},
{"frame":149,"values":[1,0,0,0,0,0,1,0,0,1,0,0,0.25,-0.0001,0.3678,1]},
{"frame":150,"values":[1,0,0,0,0,0,1,0,0,1,0,0,0.25,0,0.3678,1]}],"loopBehavior":1,"name":"anim","property":"_matrix"}},
{"name":"forestock_grip_target","index":1,"matrix":[1,0,0,0,0,0.9985,0.0547,0,0,-0.0547,0.9985,0,0,0.0521,-0.0402,1],"rest":[1,0,0,0,0,1,0,0,0,0,1,0,0,0.0321,-0.0435,1],"parentBoneIndex":0,"length":0.1141
,"animation":{"dataType":3,"framePerSecond":60,"keys":[
{"frame":0,"values":[1,0,0,0,0,0.9985,0.0547,0,0,-0.0547,0.9985,0,0,0.0521,-0.0402,1]},
{"frame":15,"values":[1,0,0,0,0,0.9985,0.0547,0,0,-0.0547,0.9985,0,0,0.0521,-0.0402,1]},
{"frame":20,"values":[1,0,0,0,0,0.9985,0.0547,0,0,-0.0547,0.9985,0,0,0.0521,-0.0402,1]},
{"frame":21,"values":[1,0,0,0,0,0.9985,0.0547,0,0,-0.0547,0.9985,0,0,0.0521,-0.0402,1]},
{"frame":30,"values":[1,0,0,0,0,0.9985,0.0547,0,0,-0.0547,0.9985,0,0,0.0521,-0.0402,1]},
{"frame":150,"values":[1,0,0,0,0,0.9985,0.0547,0,0,-0.0547,0.9985,0,0,0.0521,-0.0402,1]}],"loopBehavior":1,"name":"anim","property":"_matrix"}},
{"name":"grip_hand_target","index":2,"matrix":[1,0,0,0,0,-0.4769,-0.8789,0,0,0.8789,-0.4769,0,0,-0.1373,-0.0562,1],"rest":[1,0,0,0,0,-0.4769,-0.8789,0,0,0.8789,-0.4769,0,0,-0.1256,-0.0364,1],"parentBoneIndex":0,"length":0.0669
,"animation":{"dataType":3,"framePerSecond":60,"keys":[
{"frame":0,"values":[1,0,0,0,0,-0.4769,-0.8789,0,0,0.8789,-0.4769,0,0,-0.1373,-0.0562,1]},
{"frame":15,"values":[1,0,0,0,0,-0.4769,-0.8789,0,0,0.8789,-0.4769,0,0,-0.1373,-0.0562,1]},
{"frame":20,"values":[1,0,0,0,0,-0.4769,-0.8789,0,0,0.8789,-0.4769,0,0,-0.1373,-0.0562,1]},
{"frame":21,"values":[1,0,0,0,0,-0.4769,-0.8789,0,0,0.8789,-0.4769,0,0,-0.1373,-0.0562,1]},
{"frame":30,"values":[1,0,0,0,0,-0.4769,-0.8789,0,0,0.8789,-0.4769,0,0,-0.1373,-0.0562,1]},
{"frame":150,"values":[1,0,0,0,0,-0.4769,-0.8789,0,0,0.8789,-0.4769,0,0,-0.1373,-0.0562,1]}],"loopBehavior":1,"name":"anim","property":"_matrix"}},
{"name":"action","index":3,"matrix":[0,0,1,0,0,-1,0,0,1,0,0,0,0,-0.0889,0,1],"rest":[0,0,1,0,0,-1,0,0,1,0,0,0,0,-0.0889,0,1],"parentBoneIndex":0,"length":0.0594
,"animation":{"dataType":3,"framePerSecond":60,"keys":[
{"frame":0,"values":[0,0,1,0,0,-1,0,0,1,0,0,0,0,-0.0889,0,1]},
{"frame":15,"values":[0,0,1,0,0,-1,0,0,1,0,0,0,0,-0.0889,0,1]},
{"frame":20,"values":[0,0,1,0,0,-1,0,0,1,0,0,0,0,-0.0889,0,1]},
{"frame":21,"values":[0,0,1,0,0,-1,0,0,1,0,0,0,0,-0.0889,0,1]},
{"frame":30,"values":[0,0,1,0,0,-1,0,0,1,0,0,0,0,-0.0889,0,1]},
{"frame":41,"values":[-0.1285,0,0.9917,0,0,-1,0,0,0.9917,0,0.1285,0,0,-0.0889,0,1]},
{"frame":42,"values":[-0.4974,0,0.8675,0,0,-1,0,0,0.8675,0,0.4974,0,0,-0.0889,0,1]},
{"frame":43,"values":[-0.8675,0,0.4974,0,0,-1,0,0,0.4974,0,0.8675,0,0,-0.0889,0,1]},
{"frame":44,"values":[-0.9917,0,0.1285,0,0,-1,0,0,0.1285,0,0.9917,0,0,-0.0889,0,1]},
{"frame":45,"values":[-1,0,0,0,0,-1,0,0,0,0,1,0,0,-0.0889,0,1]},
{"frame":46,"values":[-1,0,0,0,0,-1,0,0,0,0,1,0,0,-0.0958,0,1]},
{"frame":47,"values":[-1,0,0,0,0,-1,0,0,0,0,1,0,0,-0.1139,0,1]},
{"frame":48,"values":[-1,0,0,0,0,-1,0,0,0,0,1,0,0,-0.132,0,1]},
{"frame":49,"values":[-1,0,0,0,0,-1,0,0,0,0,1,0,0,-0.1389,0,1]},
{"frame":124,"values":[-1,0,0,0,0,-1,0,0,0,0,1,0,0,-0.1345,0,1]},
{"frame":125,"values":[-1,0,0,0,0,-1,0,0,0,0,1,0,0,-0.1219,0,1]},
{"frame":126,"values":[-1,0,0,0,0,-1,0,0,0,0,1,0,0,-0.1059,0,1]},
{"frame":127,"values":[-1,0,0,0,0,-1,0,0,0,0,1,0,0,-0.0933,0,1]},
{"frame":128,"values":[-1,0,0,0,0,-1,0,0,0,0,1,0,0,-0.0889,0,1]},
{"frame":129,"values":[-0.9979,0,0.0649,0,0,-1,0,0,0.0649,0,0.9979,0,0,-0.0889,0,1]},
{"frame":130,"values":[-0.9647,0,0.2633,0,0,-1,0,0,0.2633,0,0.9647,0,0,-0.0889,0,1]},
{"frame":131,"values":[-0.8288,0,0.5596,0,0,-1,0,0,0.5596,0,0.8288,0,0,-0.0889,0,1]},
{"frame":132,"values":[-0.5596,0,0.8288,0,0,-1,0,0,0.8288,0,0.5596,0,0,-0.0889,0,1]},
{"frame":133,"values":[-0.2633,0,0.9647,0,0,-1,0,0,0.9647,0,0.2633,0,0,-0.0889,0,1]},
{"frame":134,"values":[-0.0649,0,0.9979,0,0,-1,0,0,0.9979,0,0.0649,0,0,-0.0889,0,1]},
{"frame":135,"values":[0,0,1,0,0,-1,0,0,1,0,0,0,0,-0.0889,0,1]},
{"frame":150,"values":[0,0,1,0,0,-1,0,0,1,0,0,0,0,-0.0889,0,1]}],"loopBehavior":1,"name":"anim","property":"_matrix"}},
{"name":"action_lever","index":4,"matrix":[-0.1798,0.8219,0.5404,0,-0.7266,-0.4813,0.4903,0,0.6631,-0.3045,0.6838,0,0,0.0594,0,1],"rest":[-0.1798,0.822,0.5404,0,-0.7266,-0.4813,0.4903,0,0.6631,-0.3045,0.6838,0,0,0.0594,0,1],"parentBoneIndex":3,"length":0.0536
,"animation":{"dataType":3,"framePerSecond":60,"keys":[
{"frame":0,"values":[-0.1798,0.8219,0.5404,0,-0.7266,-0.4813,0.4903,0,0.6631,-0.3045,0.6838,0,0,0.0594,0,1]},
{"frame":4,"values":[-0.1798,0.822,0.5404,0,-0.7266,-0.4813,0.4903,0,0.6631,-0.3045,0.6838,0,0,0.0594,0,1]},
{"frame":5,"values":[-0.1798,0.8219,0.5404,0,-0.7266,-0.4813,0.4903,0,0.6631,-0.3045,0.6838,0,0,0.0594,0,1]},
{"frame":8,"values":[-0.1798,0.822,0.5404,0,-0.7266,-0.4813,0.4903,0,0.6631,-0.3045,0.6838,0,0,0.0594,0,1]},
{"frame":9,"values":[-0.1798,0.8219,0.5404,0,-0.7266,-0.4813,0.4903,0,0.6631,-0.3045,0.6838,0,0,0.0594,0,1]},
{"frame":15,"values":[-0.1798,0.8219,0.5404,0,-0.7266,-0.4813,0.4903,0,0.6631,-0.3045,0.6838,0,0,0.0594,0,1]},
{"frame":20,"values":[-0.1798,0.8219,0.5404,0,-0.7266,-0.4813,0.4903,0,0.6631,-0.3045,0.6838,0,0,0.0594,0,1]},
{"frame":21,"values":[-0.1798,0.8219,0.5404,0,-0.7266,-0.4813,0.4903,0,0.6631,-0.3045,0.6838,0,0,0.0594,0,1]},
{"frame":30,"values":[-0.1798,0.8219,0.5404,0,-0.7266,-0.4813,0.4903,0,0.6631,-0.3045,0.6838,0,0,0.0594,0,1]},
{"frame":44,"values":[-0.1798,0.822,0.5404,0,-0.7266,-0.4813,0.4903,0,0.6631,-0.3045,0.6838,0,0,0.0594,0,1]},
{"frame":45,"values":[-0.1798,0.8219,0.5404,0,-0.7266,-0.4813,0.4903,0,0.6631,-0.3045,0.6838,0,0,0.0594,0,1]},
{"frame":46,"values":[-0.1798,0.822,0.5404,0,-0.7266,-0.4813,0.4903,0,0.6631,-0.3045,0.6838,0,0,0.0594,0,1]},
{"frame":48,"values":[-0.1798,0.8219,0.5404,0,-0.7266,-0.4813,0.4903,0,0.6631,-0.3045,0.6838,0,0,0.0594,0,1]},
{"frame":49,"values":[-0.1798,0.822,0.5404,0,-0.7266,-0.4813,0.4903,0,0.6631,-0.3045,0.6838,0,0,0.0594,0,1]},
{"frame":50,"values":[-0.1798,0.8219,0.5404,0,-0.7266,-0.4813,0.4903,0,0.6631,-0.3045,0.6838,0,0,0.0594,0,1]},
{"frame":51,"values":[-0.1798,0.822,0.5404,0,-0.7266,-0.4813,0.4903,0,0.6631,-0.3045,0.6838,0,0,0.0594,0,1]},
{"frame":52,"values":[-0.1798,0.8219,0.5404,0,-0.7266,-0.4813,0.4903,0,0.6631,-0.3045,0.6838,0,0,0.0594,0,1]},
{"frame":55,"values":[-0.1798,0.822,0.5404,0,-0.7266,-0.4813,0.4903,0,0.6631,-0.3045,0.6838,0,0,0.0594,0,1]},
{"frame":56,"values":[-0.1798,0.8219,0.5404,0,-0.7266,-0.4813,0.4903,0,0.6631,-0.3045,0.6838,0,0,0.0594,0,1]},
{"frame":58,"values":[-0.1798,0.822,0.5404,0,-0.7266,-0.4813,0.4903,0,0.6631,-0.3045,0.6838,0,0,0.0594,0,1]},
{"frame":61,"values":[-0.1798,0.8219,0.5404,0,-0.7266,-0.4813,0.4903,0,0.6631,-0.3045,0.6838,0,0,0.0594,0,1]},
{"frame":64,"values":[-0.1798,0.822,0.5404,0,-0.7266,-0.4813,0.4903,0,0.6631,-0.3045,0.6838,0,0,0.0594,0,1]},
{"frame":65,"values":[-0.1798,0.8219,0.5404,0,-0.7266,-0.4813,0.4903,0,0.6631,-0.3045,0.6838,0,0,0.0594,0,1]},
{"frame":66,"values":[-0.1798,0.822,0.5404,0,-0.7266,-0.4813,0.4903,0,0.6631,-0.3045,0.6838,0,0,0.0594,0,1]},
{"frame":68,"values":[-0.1798,0.8219,0.5404,0,-0.7266,-0.4813,0.4903,0,0.6631,-0.3045,0.6838,0,0,0.0594,0,1]},
{"frame":69,"values":[-0.1798,0.822,0.5404,0,-0.7266,-0.4813,0.4903,0,0.6631,-0.3045,0.6838,0,0,0.0594,0,1]},
{"frame":70,"values":[-0.1798,0.8219,0.5404,0,-0.7266,-0.4813,0.4903,0,0.6631,-0.3045,0.6838,0,0,0.0594,0,1]},
{"frame":71,"values":[-0.1798,0.822,0.5404,0,-0.7266,-0.4813,0.4903,0,0.6631,-0.3045,0.6838,0,0,0.0594,0,1]},
{"frame":73,"values":[-0.1798,0.8219,0.5404,0,-0.7266,-0.4813,0.4903,0,0.6631,-0.3045,0.6838,0,0,0.0594,0,1]},
{"frame":75,"values":[-0.1798,0.822,0.5404,0,-0.7266,-0.4813,0.4903,0,0.6631,-0.3045,0.6838,0,0,0.0594,0,1]},
{"frame":77,"values":[-0.1798,0.8219,0.5404,0,-0.7266,-0.4813,0.4903,0,0.6631,-0.3045,0.6838,0,0,0.0594,0,1]},
{"frame":78,"values":[-0.1798,0.822,0.5404,0,-0.7266,-0.4813,0.4903,0,0.6631,-0.3045,0.6838,0,0,0.0594,0,1]},
{"frame":81,"values":[-0.1798,0.8219,0.5404,0,-0.7266,-0.4813,0.4903,0,0.6631,-0.3045,0.6838,0,0,0.0594,0,1]},
{"frame":82,"values":[-0.1798,0.822,0.5404,0,-0.7266,-0.4813,0.4903,0,0.6631,-0.3045,0.6838,0,0,0.0594,0,1]},
{"frame":86,"values":[-0.1798,0.8219,0.5404,0,-0.7266,-0.4813,0.4903,0,0.6631,-0.3045,0.6838,0,0,0.0594,0,1]},
{"frame":89,"values":[-0.1798,0.822,0.5404,0,-0.7266,-0.4813,0.4903,0,0.6631,-0.3045,0.6838,0,0,0.0594,0,1]},
{"frame":93,"values":[-0.1798,0.8219,0.5404,0,-0.7266,-0.4813,0.4903,0,0.6631,-0.3045,0.6838,0,0,0.0594,0,1]},
{"frame":95,"values":[-0.1798,0.822,0.5404,0,-0.7266,-0.4813,0.4903,0,0.6631,-0.3045,0.6838,0,0,0.0594,0,1]},
{"frame":98,"values":[-0.1798,0.8219,0.5404,0,-0.7266,-0.4813,0.4903,0,0.6631,-0.3045,0.6838,0,0,0.0594,0,1]},
{"frame":100,"values":[-0.1798,0.822,0.5404,0,-0.7266,-0.4813,0.4903,0,0.6631,-0.3045,0.6838,0,0,0.0594,0,1]},
{"frame":101,"values":[-0.1798,0.8219,0.5404,0,-0.7266,-0.4813,0.4903,0,0.6631,-0.3045,0.6838,0,0,0.0594,0,1]},
{"frame":102,"values":[-0.1798,0.822,0.5404,0,-0.7266,-0.4813,0.4903,0,0.6631,-0.3045,0.6838,0,0,0.0594,0,1]},
{"frame":104,"values":[-0.1798,0.8219,0.5404,0,-0.7266,-0.4813,0.4903,0,0.6631,-0.3045,0.6838,0,0,0.0594,0,1]},
{"frame":105,"values":[-0.1798,0.822,0.5404,0,-0.7266,-0.4813,0.4903,0,0.6631,-0.3045,0.6838,0,0,0.0594,0,1]},
{"frame":106,"values":[-0.1798,0.8219,0.5404,0,-0.7266,-0.4813,0.4903,0,0.6631,-0.3045,0.6838,0,0,0.0594,0,1]},
{"frame":107,"values":[-0.1798,0.822,0.5404,0,-0.7266,-0.4813,0.4903,0,0.6631,-0.3045,0.6838,0,0,0.0594,0,1]},
{"frame":108,"values":[-0.1798,0.8219,0.5404,0,-0.7266,-0.4813,0.4903,0,0.6631,-0.3045,0.6838,0,0,0.0594,0,1]},
{"frame":110,"values":[-0.1798,0.822,0.5404,0,-0.7266,-0.4813,0.4903,0,0.6631,-0.3045,0.6838,0,0,0.0594,0,1]},
{"frame":114,"values":[-0.1798,0.8219,0.5404,0,-0.7266,-0.4813,0.4903,0,0.6631,-0.3045,0.6838,0,0,0.0594,0,1]},
{"frame":115,"values":[-0.1798,0.822,0.5404,0,-0.7266,-0.4813,0.4903,0,0.6631,-0.3045,0.6838,0,0,0.0594,0,1]},
{"frame":116,"values":[-0.1798,0.8219,0.5404,0,-0.7266,-0.4813,0.4903,0,0.6631,-0.3045,0.6838,0,0,0.0594,0,1]},
{"frame":117,"values":[-0.1798,0.822,0.5404,0,-0.7266,-0.4813,0.4903,0,0.6631,-0.3045,0.6838,0,0,0.0594,0,1]},
{"frame":118,"values":[-0.1798,0.8219,0.5404,0,-0.7266,-0.4813,0.4903,0,0.6631,-0.3045,0.6838,0,0,0.0594,0,1]},
{"frame":119,"values":[-0.1798,0.822,0.5404,0,-0.7266,-0.4813,0.4903,0,0.6631,-0.3045,0.6838,0,0,0.0594,0,1]},
{"frame":124,"values":[-0.1798,0.8219,0.5404,0,-0.7266,-0.4813,0.4903,0,0.6631,-0.3045,0.6838,0,0,0.0594,0,1]},
{"frame":125,"values":[-0.1798,0.822,0.5404,0,-0.7266,-0.4813,0.4903,0,0.6631,-0.3045,0.6838,0,0,0.0594,0,1]},
{"frame":126,"values":[-0.1798,0.8219,0.5404,0,-0.7266,-0.4813,0.4903,0,0.6631,-0.3045,0.6838,0,0,0.0594,0,1]},
{"frame":128,"values":[-0.1798,0.822,0.5404,0,-0.7266,-0.4813,0.4903,0,0.6631,-0.3045,0.6838,0,0,0.0594,0,1]},
{"frame":130,"values":[-0.1798,0.8219,0.5404,0,-0.7266,-0.4813,0.4903,0,0.6631,-0.3045,0.6838,0,0,0.0594,0,1]},
{"frame":131,"values":[-0.1798,0.822,0.5404,0,-0.7266,-0.4813,0.4903,0,0.6631,-0.3045,0.6838,0,0,0.0594,0,1]},
{"frame":132,"values":[-0.1798,0.8219,0.5404,0,-0.7266,-0.4813,0.4903,0,0.6631,-0.3045,0.6838,0,0,0.0594,0,1]},
{"frame":133,"values":[-0.1798,0.822,0.5404,0,-0.7266,-0.4813,0.4903,0,0.6631,-0.3045,0.6838,0,0,0.0594,0,1]},
{"frame":134,"values":[-0.1798,0.8219,0.5404,0,-0.7266,-0.4813,0.4903,0,0.6631,-0.3045,0.6838,0,0,0.0594,0,1]},
{"frame":139,"values":[-0.1798,0.822,0.5404,0,-0.7266,-0.4813,0.4903,0,0.6631,-0.3045,0.6838,0,0,0.0594,0,1]},
{"frame":140,"values":[-0.1798,0.8219,0.5404,0,-0.7266,-0.4813,0.4903,0,0.6631,-0.3045,0.6838,0,0,0.0594,0,1]},
{"frame":143,"values":[-0.1798,0.822,0.5404,0,-0.7266,-0.4813,0.4903,0,0.6631,-0.3045,0.6838,0,0,0.0594,0,1]},
{"frame":144,"values":[-0.1798,0.8219,0.5404,0,-0.7266,-0.4813,0.4903,0,0.6631,-0.3045,0.6838,0,0,0.0594,0,1]},
{"frame":145,"values":[-0.1798,0.822,0.5404,0,-0.7266,-0.4813,0.4903,0,0.6631,-0.3045,0.6838,0,0,0.0594,0,1]},
{"frame":146,"values":[-0.1798,0.8219,0.5404,0,-0.7266,-0.4813,0.4903,0,0.6631,-0.3045,0.6838,0,0,0.0594,0,1]},
{"frame":150,"values":[-0.1798,0.8219,0.5404,0,-0.7266,-0.4813,0.4903,0,0.6631,-0.3045,0.6838,0,0,0.0594,0,1]}],"loopBehavior":1,"name":"anim","property":"_matrix"}},
{"name":"bullet_load_target","index":5,"matrix":[-1,0,0,0,0,-1,0,0,0,0,1,0,0,-0.0607,0,1],"rest":[-1,0,0,0,0,-1,0,0,0,0,1,0,0,-0.0607,0,1],"parentBoneIndex":0,"length":0.0162
,"animation":{"dataType":3,"framePerSecond":60,"keys":[
{"frame":0,"values":[-1,0,0,0,0,-1,0,0,0,0,1,0,0,-0.0607,0,1]},
{"frame":15,"values":[-1,0,0,0,0,-1,0,0,0,0,1,0,0,-0.0607,0,1]},
{"frame":20,"values":[-1,0,0,0,0,-1,0,0,0,0,1,0,0,-0.0607,0,1]},
{"frame":21,"values":[-1,0,0,0,0,-1,0,0,0,0,1,0,0,-0.0607,0,1]},
{"frame":30,"values":[-1,0,0,0,0,-1,0,0,0,0,1,0,0,-0.0607,0,1]},
{"frame":150,"values":[-1,0,0,0,0,-1,0,0,0,0,1,0,0,-0.0607,0,1]}],"loopBehavior":1,"name":"anim","property":"_matrix"}},
{"name":"hand_load_target","index":6,"matrix":[0.9852,-0.1491,0.0841,0,0.1478,0.4934,-0.8572,0,0.0863,0.8569,0.5081,0,0.0597,-0.0573,-0.0045,1],"rest":[0.9852,-0.1491,0.0841,0,0.1478,0.4934,-0.8572,0,0.0863,0.8569,0.5081,0,0.0597,-0.0573,-0.0045,1],"parentBoneIndex":0,"length":0.0801
,"animation":{"dataType":3,"framePerSecond":60,"keys":[
{"frame":0,"values":[0.9852,-0.1491,0.0841,0,0.1478,0.4934,-0.8572,0,0.0863,0.8569,0.5081,0,0.0597,-0.0573,-0.0045,1]},
{"frame":15,"values":[0.9852,-0.1491,0.0841,0,0.1478,0.4934,-0.8572,0,0.0863,0.8569,0.5081,0,0.0597,-0.0573,-0.0045,1]},
{"frame":20,"values":[0.9852,-0.1491,0.0841,0,0.1478,0.4934,-0.8572,0,0.0863,0.8569,0.5081,0,0.0597,-0.0573,-0.0045,1]},
{"frame":21,"values":[0.9852,-0.1491,0.0841,0,0.1478,0.4934,-0.8572,0,0.0863,0.8569,0.5081,0,0.0597,-0.0573,-0.0045,1]},
{"frame":30,"values":[0.9852,-0.1491,0.0841,0,0.1478,0.4934,-0.8572,0,0.0863,0.8569,0.5081,0,0.0597,-0.0573,-0.0045,1]},
{"frame":150,"values":[0.9852,-0.1491,0.0841,0,0.1478,0.4934,-0.8572,0,0.0863,0.8569,0.5081,0,0.0597,-0.0573,-0.0045,1]}],"loopBehavior":1,"name":"anim","property":"_matrix"}},
{"name":"gripHand","index":7,"matrix":[1,0,0,0,0,-0.8789,-0.4769,0,0,-0.4769,0.8789,0,0.25,-0.0562,0.2305,1],"rest":[1,0,0,0,0,-1,0,0,0,0,1,0,0.25,0,0.25,1],"parentBoneIndex":-1,"length":0.05
,"animation":{"dataType":3,"framePerSecond":60,"keys":[
{"frame":0,"values":[1,0,0,0,0,-0.8789,-0.4769,0,0,-0.4769,0.8789,0,0.25,-0.0562,0.2451,1]},
{"frame":1,"values":[1,0,0,0,0,-0.8883,-0.4593,0,0,-0.4593,0.8883,0,0.25,-0.0544,0.2268,1]},
{"frame":2,"values":[1,0,0,0,0,-0.8938,-0.4484,0,0,-0.4484,0.8938,0,0.25,-0.0532,0.2284,1]},
{"frame":3,"values":[1,0,0,0,0,-0.8981,-0.4399,0,0,-0.4399,0.8981,0,0.25,-0.0521,0.2314,1]},
{"frame":4,"values":[1,0,0,0,0,-0.9007,-0.4345,0,0,-0.4345,0.9007,0,0.25,-0.0513,0.2351,1]},
{"frame":5,"values":[1,0,0,0,0,-0.9019,-0.432,0,0,-0.432,0.9019,0,0.25,-0.0509,0.2386,1]},
{"frame":6,"values":[1,0,0,0,0,-0.9022,-0.4314,0,0,-0.4314,0.9022,0,0.25,-0.0508,0.2409,1]},
{"frame":7,"values":[1,0,0,0,0,-0.9016,-0.4327,0,0,-0.4327,0.9016,0,0.25,-0.051,0.2423,1]},
{"frame":8,"values":[1,0,0,0,0,-0.8997,-0.4365,0,0,-0.4365,0.8997,0,0.25,-0.0514,0.2435,1]},
{"frame":9,"values":[1,0,0,0,0,-0.8968,-0.4425,0,0,-0.4425,0.8968,0,0.25,-0.0521,0.2444,1]},
{"frame":10,"values":[1,0,0,0,0,-0.8929,-0.4502,0,0,-0.4502,0.8929,0,0.25,-0.0531,0.2449,1]},
{"frame":11,"values":[1,0,0,0,0,-0.8887,-0.4584,0,0,-0.4584,0.8887,0,0.25,-0.054,0.2452,1]},
{"frame":12,"values":[1,0,0,0,0,-0.8848,-0.466,0,0,-0.466,0.8848,0,0.25,-0.0549,0.2453,1]},
{"frame":13,"values":[1,0,0,0,0,-0.8816,-0.472,0,0,-0.472,0.8816,0,0.25,-0.0557,0.2452,1]},
{"frame":14,"values":[1,0,0,0,0,-0.8796,-0.4757,0,0,-0.4757,0.8796,0,0.25,-0.0561,0.2452,1]},
{"frame":15,"values":[1,0,0,0,0,-0.8789,-0.4769,0,0,-0.4769,0.8789,0,0.25,-0.0562,0.2451,1]},
{"frame":20,"values":[1,0,0,0,0,-0.8789,-0.4769,0,0,-0.4769,0.8789,0,0.25,-0.0562,0.2451,1]},
{"frame":21,"values":[1,0,0,0,0,-0.8789,-0.4769,0,0,-0.4769,0.8789,0,0.25,-0.0562,0.2451,1]},
{"frame":30,"values":[1,0,0,0,0,-0.8789,-0.4769,0,0,-0.4769,0.8789,0,0.25,-0.0562,0.2305,1]},
{"frame":31,"values":[1,0.0059,0.0018,0,0.006,-0.8851,-0.4654,0,0.0012,-0.4654,0.8851,0,0.2503,-0.0555,0.231,1]},
{"frame":32,"values":[0.9997,0.025,0.0069,0,0.0255,-0.9024,-0.43,0,0.0045,-0.4301,0.9028,0,0.2532,-0.0553,0.233,1]},
{"frame":33,"values":[0.9981,0.0603,0.0148,0,0.0615,-0.9266,-0.371,0,0.0087,-0.3712,0.9285,0,0.263,-0.0603,0.2369,1]},
{"frame":34,"values":[0.9932,0.1142,0.0241,0,0.1163,-0.9497,-0.2908,0,0.0103,-0.2916,0.9565,0,0.2803,-0.0708,0.2428,1]},
{"frame":35,"values":[0.9822,0.185,0.0331,0,0.1878,-0.9624,-0.1964,0,0.0045,-0.1992,0.98,0,0.2994,-0.0797,0.2501,1]},
{"frame":36,"values":[0.9635,0.2648,0.0398,0,0.2675,-0.9585,-0.0989,0,-0.012,-0.1059,0.9943,0,0.3149,-0.08,0.2564,1]},
{"frame":37,"values":[0.9388,0.3416,0.0435,0,0.3424,-0.9395,-0.0106,0,-0.0372,-0.0248,0.999,0,0.3242,-0.0689,0.2581,1]},
{"frame":38,"values":[0.9139,0.4036,0.0444,0,0.4009,-0.9143,0.0578,0,-0.064,0.035,0.9973,0,0.3246,-0.0505,0.2538,1]},
{"frame":39,"values":[0.8955,0.4428,0.0441,0,0.4371,-0.8938,0.1002,0,-0.0838,0.0705,0.994,0,0.3186,-0.0354,0.2465,1]},
{"frame":40,"values":[0.8888,0.4562,0.0438,0,0.4492,-0.8861,0.1143,0,-0.0909,0.0819,0.9925,0,0.311,-0.0315,0.2405,1]},
{"frame":41,"values":[0.8417,0.54,0.0007,0,0.5361,-0.8357,0.1194,0,-0.0651,0.1001,0.9928,0,0.3051,-0.0287,0.2361,1]},
{"frame":42,"values":[0.6418,0.7566,-0.1251,0,0.7666,-0.6284,0.132,0,-0.0212,0.1806,0.9833,0,0.3027,-0.0176,0.2321,1]},
{"frame":43,"values":[0.2801,0.917,-0.284,0,0.9582,-0.2494,0.1398,0,-0.0574,0.3113,0.9486,0,0.3026,-0.0017,0.229,1]},
{"frame":44,"values":[-0.0353,0.9154,-0.401,0,0.9852,0.0993,0.14,0,-0.1679,0.3902,0.9053,0,0.3016,0.0156,0.2269,1]},
{"frame":45,"values":[-0.1532,0.882,-0.4456,0,0.962,0.2363,0.1369,0,-0.226,0.4077,0.8847,0,0.3003,0.0246,0.2259,1]},
{"frame":46,"values":[-0.1527,0.8799,-0.45,0,0.962,0.2366,0.1362,0,-0.2263,0.4121,0.8826,0,0.301,0.0245,0.2184,1]},
{"frame":47,"values":[-0.1519,0.8782,-0.4535,0,0.9622,0.2364,0.1356,0,-0.2263,0.4157,0.8809,0,0.3027,0.0232,0.1985,1]},
{"frame":48,"values":[-0.1509,0.8771,-0.456,0,0.9624,0.2358,0.135,0,-0.2259,0.4185,0.8797,0,0.3044,0.0215,0.1777,1]},
{"frame":49,"values":[-0.1356,0.8799,-0.4554,0,0.9679,0.2158,0.1287,0,-0.2116,0.4233,0.8809,0,0.305,0.0209,0.1668,1]},
{"frame":50,"values":[-0.0912,0.8883,-0.4501,0,0.9809,0.1582,0.1134,0,-0.1719,0.4311,0.8858,0,0.305,0.0208,0.162,1]},
{"frame":51,"values":[-0.0169,0.8975,-0.4406,0,0.9938,0.0635,0.0912,0,-0.1098,0.4363,0.8931,0,0.3053,0.0202,0.1569,1]},
{"frame":52,"values":[0.0864,0.8999,-0.4275,0,0.9959,-0.0656,0.063,0,-0.0286,0.4312,0.9018,0,0.3059,0.0183,0.152,1]},
{"frame":53,"values":[0.2151,0.8858,-0.4112,0,0.9744,-0.2231,0.0292,0,0.0659,0.4069,0.9111,0,0.3071,0.0142,0.1466,1]},
