{"producer":{"name":"Blender","version":"2.79 (sub 0)","exporter_version":"5.6.4","file":"gun_csg1.babylon"},
"autoClear":true,"clearColor":[0.0509,0.0509,0.0509],"ambientColor":[0,0,0],"gravity":[0,-9.81,0],
"materials":[{"name":"gun_csg1.phong1.019","id":"gun_csg1.phong1.019","ambient":[0.5,0.5,0.5],"diffuse":[0.4,0.4,0.4],"specular":[0,0,0],"emissive":[0,0,0],"specularPower":103,"alpha":1,"backFaceCulling":true,"checkReadyOnlyOnce":false,"maxSimultaneousLights":4},
{"name":"gun_csg1.phong1.018","id":"gun_csg1.phong1.018","ambient":[0.5,0.5,0.5],"diffuse":[0.4,0.4,0.4],"specular":[0,0,0],"emissive":[0,0,0],"specularPower":103,"alpha":1,"backFaceCulling":true,"checkReadyOnlyOnce":false,"maxSimultaneousLights":4},
{"name":"gun_csg1.phong1.017","id":"gun_csg1.phong1.017","ambient":[0.5,0.5,0.5],"diffuse":[0.4,0.4,0.4],"specular":[0,0,0],"emissive":[0,0,0],"specularPower":103,"alpha":1,"backFaceCulling":true,"checkReadyOnlyOnce":false,"maxSimultaneousLights":4},
{"name":"gun_csg1.phong1.016","id":"gun_csg1.phong1.016","ambient":[0.5,0.5,0.5],"diffuse":[0.4,0.4,0.4],"specular":[0,0,0],"emissive":[0,0,0],"specularPower":103,"alpha":1,"backFaceCulling":true,"checkReadyOnlyOnce":false,"maxSimultaneousLights":4},
{"name":"gun_csg1.phong1.015","id":"gun_csg1.phong1.015","ambient":[0.5,0.5,0.5],"diffuse":[0.4,0.4,0.4],"specular":[0,0,0],"emissive":[0,0,0],"specularPower":103,"alpha":1,"backFaceCulling":true,"checkReadyOnlyOnce":false,"maxSimultaneousLights":4},
{"name":"gun_csg1.phong1.014","id":"gun_csg1.phong1.014","ambient":[0.5,0.5,0.5],"diffuse":[0.4,0.4,0.4],"specular":[0,0,0],"emissive":[0,0,0],"specularPower":103,"alpha":1,"backFaceCulling":true,"checkReadyOnlyOnce":false,"maxSimultaneousLights":4},
{"name":"gun_csg1.phong1.013","id":"gun_csg1.phong1.013","ambient":[0.5,0.5,0.5],"diffuse":[0.4,0.4,0.4],"specular":[0,0,0],"emissive":[0,0,0],"specularPower":103,"alpha":1,"backFaceCulling":true,"checkReadyOnlyOnce":false,"maxSimultaneousLights":4},
{"name":"gun_csg1.phong1.012","id":"gun_csg1.phong1.012","ambient":[0.5,0.5,0.5],"diffuse":[0.4,0.4,0.4],"specular":[0,0,0],"emissive":[0,0,0],"specularPower":103,"alpha":1,"backFaceCulling":true,"checkReadyOnlyOnce":false,"maxSimultaneousLights":4},
{"name":"gun_csg1.phong1.010","id":"gun_csg1.phong1.010","ambient":[0.5,0.5,0.5],"diffuse":[0.4,0.4,0.4],"specular":[0,0,0],"emissive":[0,0,0],"specularPower":103,"alpha":1,"backFaceCulling":true,"checkReadyOnlyOnce":false,"maxSimultaneousLights":4},
{"name":"gun_csg1.phong1.001","id":"gun_csg1.phong1.001","ambient":[0.5,0.5,0.5],"diffuse":[0.4,0.4,0.4],"specular":[0,0,0],"emissive":[0,0,0],"specularPower":103,"alpha":1,"backFaceCulling":true,"checkReadyOnlyOnce":false,"maxSimultaneousLights":4},
{"name":"gun_csg1.phong1.002","id":"gun_csg1.phong1.002","ambient":[0.5,0.5,0.5],"diffuse":[0.4,0.4,0.4],"specular":[0,0,0],"emissive":[0,0,0],"specularPower":103,"alpha":1,"backFaceCulling":true,"checkReadyOnlyOnce":false,"maxSimultaneousLights":4},
{"name":"gun_csg1.phong1.003","id":"gun_csg1.phong1.003","ambient":[0.5,0.5,0.5],"diffuse":[0.4,0.4,0.4],"specular":[0,0,0],"emissive":[0,0,0],"specularPower":103,"alpha":1,"backFaceCulling":true,"checkReadyOnlyOnce":false,"maxSimultaneousLights":4},
{"name":"gun_csg1.phong1.004","id":"gun_csg1.phong1.004","ambient":[0.5,0.5,0.5],"diffuse":[0.4,0.4,0.4],"specular":[0,0,0],"emissive":[0,0,0],"specularPower":103,"alpha":1,"backFaceCulling":true,"checkReadyOnlyOnce":false,"maxSimultaneousLights":4},
{"name":"gun_csg1.phong1.005","id":"gun_csg1.phong1.005","ambient":[0.5,0.5,0.5],"diffuse":[0.4,0.4,0.4],"specular":[0,0,0],"emissive":[0,0,0],"specularPower":103,"alpha":1,"backFaceCulling":true,"checkReadyOnlyOnce":false,"maxSimultaneousLights":4},
{"name":"gun_csg1.phong1.006","id":"gun_csg1.phong1.006","ambient":[0.5,0.5,0.5],"diffuse":[0.4,0.4,0.4],"specular":[0,0,0],"emissive":[0,0,0],"specularPower":103,"alpha":1,"backFaceCulling":true,"checkReadyOnlyOnce":false,"maxSimultaneousLights":4},
{"name":"gun_csg1.phong1.007","id":"gun_csg1.phong1.007","ambient":[0.5,0.5,0.5],"diffuse":[0.4,0.4,0.4],"specular":[0,0,0],"emissive":[0,0,0],"specularPower":103,"alpha":1,"backFaceCulling":true,"checkReadyOnlyOnce":false,"maxSimultaneousLights":4},
{"name":"gun_csg1.phong1.008","id":"gun_csg1.phong1.008","ambient":[0.5,0.5,0.5],"diffuse":[0.4,0.4,0.4],"specular":[0,0,0],"emissive":[0,0,0],"specularPower":103,"alpha":1,"backFaceCulling":true,"checkReadyOnlyOnce":false,"maxSimultaneousLights":4},
{"name":"gun_csg1.phong1.009","id":"gun_csg1.phong1.009","ambient":[0.5,0.5,0.5],"diffuse":[0.4,0.4,0.4],"specular":[0,0,0],"emissive":[0,0,0],"specularPower":103,"alpha":1,"backFaceCulling":true,"checkReadyOnlyOnce":false,"maxSimultaneousLights":4},
{"name":"gun_csg1.phong1.011","id":"gun_csg1.phong1.011","ambient":[0.5,0.5,0.5],"diffuse":[0.4,0.4,0.4],"specular":[0,0,0],"emissive":[0,0,0],"specularPower":103,"alpha":1,"backFaceCulling":true,"checkReadyOnlyOnce":false,"maxSimultaneousLights":4},
{"name":"gun_csg1.phong1","id":"gun_csg1.phong1","ambient":[0.5,0.5,0.5],"diffuse":[0.4,0.4,0.4],"specular":[0,0,0],"emissive":[0,0,0],"specularPower":103,"alpha":1,"backFaceCulling":true,"checkReadyOnlyOnce":false,"maxSimultaneousLights":4},
{"name":"gun_csg1.standard","id":"gun_csg1.standard","ambient":[0.8,0.8,0.8],"diffuse":[0.8,0.8,0.8],"specular":[0,0,0],"emissive":[0,0,0],"specularPower":50,"alpha":1,"backFaceCulling":true,"checkReadyOnlyOnce":false,"maxSimultaneousLights":4}],
"multiMaterials":[],
"skeletons":[{"name":"gun_csg1_skeleton","id":0,"dimensionsAtRest":[0.5,0.1281,0.4694],"bones":[
{"name":"body","index":0,"matrix":[1,0,0,0,0,0,1,0,0,1,0,0,0.25,0,0.328,1],"rest":[1,0,0,0,0,0,1,0,0,1,0,0,0,0,0,1],"parentBoneIndex":-1,"length":0.1064
,"animation":{"dataType":3,"framePerSecond":60,"keys":[
{"frame":0,"values":[1,0,0,0,0,0,1,0,0,1,0,0,0.25,0,0.328,1]},
{"frame":1,"values":[1,0,0,0,0,0.02,0.9998,0,0,0.9998,-0.02,0,0.25,0.0029,0.3175,1]},
{"frame":2,"values":[1,0,0,0,0,0.0187,0.9998,0,0,0.9998,-0.0187,0,0.25,0.0027,0.3182,1]},
{"frame":3,"values":[1,0,0,0,0,0.0161,0.9999,0,0,0.9999,-0.0161,0,0.25,0.0024,0.3195,1]},
{"frame":4,"values":[1,0,0,0,0,0.013,0.9999,0,0,0.9999,-0.013,0,0.25,0.0019,0.3212,1]},
{"frame":5,"values":[1,0,0,0,0,0.0097,1,0,0,1,-0.0097,0,0.25,0.0014,0.3229,1]},
{"frame":6,"values":[1,0,0,0,0,0.0067,1,0,0,1,-0.0067,0,0.25,0.001,0.3245,1]},
{"frame":7,"values":[1,0,0,0,0,0.004,1,0,0,1,-0.004,0,0.25,0.0006,0.3259,1]},
{"frame":8,"values":[1,0,0,0,0,0.0019,1,0,0,1,-0.0019,0,0.25,0.0003,0.327,1]},
{"frame":9,"values":[1,0,0,0,0,0.0005,1,0,0,1,-0.0005,0,0.25,0.0001,0.3277,1]},
{"frame":10,"values":[1,0,0,0,0,0,1,0,0,1,0,0,0.25,0,0.328,1]},
{"frame":20,"values":[1,0,0,0,0,0,1,0,0,1,0,0,0.25,0,0.328,1]},
{"frame":21,"values":[1,-0.0001,0,0,0,0,1,0,0.0001,1,0,0,0.25,0,0.328,1]},
{"frame":22,"values":[1,-0.0003,0.0002,0,-0.0002,0.0001,1,0,0.0003,1,-0.0001,0,0.25,0,0.328,1]},
{"frame":23,"values":[1,-0.0008,0.0004,0,-0.0004,0.0002,1,0,0.0008,1,-0.0002,0,0.25,0,0.328,1]},
{"frame":24,"values":[1,-0.0014,0.0008,0,-0.0008,0.0004,1,0,0.0014,1,-0.0004,0,0.2499,0,0.328,1]},
{"frame":25,"values":[1,-0.0022,0.0013,0,-0.0013,0.0006,1,0,0.0022,1,-0.0006,0,0.2499,0,0.328,1]},
{"frame":26,"values":[1,-0.0031,0.002,0,-0.002,0.0009,1,0,0.0031,1,-0.0009,0,0.2498,0,0.328,1]},
{"frame":27,"values":[1,-0.0042,0.0028,0,-0.0028,0.0013,1,0,0.0043,1,-0.0013,0,0.2498,0,0.328,1]},
{"frame":28,"values":[1,-0.0056,0.0037,0,-0.0037,0.0017,1,0,0.0056,1,-0.0017,0,0.2497,0.0001,0.328,1]},
{"frame":29,"values":[1,-0.007,0.0049,0,-0.0049,0.0022,1,0,0.007,1,-0.0022,0,0.2496,0.0001,0.328,1]},
{"frame":30,"values":[0.9999,-0.0087,0.0062,0,-0.0062,0.0028,1,0,0.0087,1,-0.0027,0,0.2495,0.0001,0.328,1]},
{"frame":31,"values":[0.9999,-0.0105,0.0077,0,-0.0077,0.0034,1,0,0.0105,0.9999,-0.0033,0,0.2494,0.0001,0.328,1]},
{"frame":32,"values":[0.9999,-0.0124,0.0095,0,-0.0094,0.0041,0.9999,0,0.0125,0.9999,-0.004,0,0.2492,0.0001,0.328,1]},
{"frame":33,"values":[0.9998,-0.0145,0.0115,0,-0.0114,0.0048,0.9999,0,0.0146,0.9999,-0.0047,0,0.249,0.0001,0.328,1]},
{"frame":34,"values":[0.9998,-0.0168,0.0137,0,-0.0136,0.0057,0.9999,0,0.0169,0.9998,-0.0054,0,0.2488,0.0002,0.328,1]},
{"frame":35,"values":[0.9997,-0.0192,0.0161,0,-0.016,0.0066,0.9999,0,0.0193,0.9998,-0.0063,0,0.2486,0.0002,0.328,1]},
{"frame":36,"values":[0.9996,-0.0217,0.0189,0,-0.0187,0.0076,0.9998,0,0.0218,0.9997,-0.0072,0,0.2484,0.0002,0.3279,1]},
{"frame":37,"values":[0.9995,-0.0243,0.0219,0,-0.0217,0.0086,0.9997,0,0.0245,0.9997,-0.0081,0,0.2481,0.0002,0.3279,1]},
{"frame":38,"values":[0.9993,-0.0271,0.0252,0,-0.0249,0.0098,0.9996,0,0.0273,0.9996,-0.0091,0,0.2478,0.0003,0.3279,1]},
{"frame":39,"values":[0.9991,-0.0299,0.0288,0,-0.0285,0.011,0.9995,0,0.0302,0.9995,-0.0102,0,0.2475,0.0003,0.3279,1]},
{"frame":40,"values":[0.9989,-0.0328,0.0327,0,-0.0323,0.0123,0.9994,0,0.0331,0.9994,-0.0112,0,0.2471,0.0003,0.3279,1]},
{"frame":41,"values":[0.9987,-0.0357,0.0369,0,-0.0364,0.0137,0.9992,0,0.0362,0.9993,-0.0124,0,0.2467,0.0004,0.3279,1]},
{"frame":42,"values":[0.9984,-0.0387,0.0414,0,-0.0409,0.0152,0.999,0,0.0393,0.9991,-0.0136,0,0.2463,0.0004,0.3278,1]},
{"frame":43,"values":[0.9981,-0.0417,0.0463,0,-0.0456,0.0167,0.9988,0,0.0424,0.999,-0.0148,0,0.2458,0.0004,0.3278,1]},
{"frame":44,"values":[0.9977,-0.0448,0.0515,0,-0.0507,0.0183,0.9985,0,0.0456,0.9988,-0.016,0,0.2453,0.0004,0.3278,1]},
{"frame":45,"values":[0.9972,-0.0478,0.057,0,-0.0561,0.02,0.9982,0,0.0488,0.9987,-0.0173,0,0.2448,0.0005,0.3278,1]},
{"frame":46,"values":[0.9967,-0.0508,0.0628,0,-0.0618,0.0218,0.9979,0,0.0521,0.9985,-0.0186,0,0.2443,0.0005,0.3277,1]},
{"frame":47,"values":[0.9962,-0.0538,0.069,0,-0.0678,0.0236,0.9974,0,0.0553,0.9983,-0.0199,0,0.2437,0.0005,0.3277,1]},
{"frame":48,"values":[0.9955,-0.0567,0.0754,0,-0.0741,0.0255,0.9969,0,0.0584,0.9981,-0.0212,0,0.243,0.0006,0.3277,1]},
{"frame":49,"values":[0.9948,-0.0595,0.0822,0,-0.0807,0.0275,0.9964,0,0.0616,0.9978,-0.0226,0,0.2424,0.0006,0.3276,1]},
{"frame":50,"values":[0.9941,-0.0623,0.0893,0,-0.0876,0.0296,0.9957,0,0.0647,0.9976,-0.0239,0,0.2417,0.0006,0.3276,1]},
{"frame":51,"values":[0.993,-0.0651,0.0982,0,-0.0963,0.032,0.9948,0,0.0679,0.9974,-0.0255,0,0.2408,0.0006,0.3266,1]},
{"frame":52,"values":[0.9916,-0.0682,0.1101,0,-0.1079,0.0351,0.9935,0,0.0716,0.9971,-0.0275,0,0.2397,0.0007,0.3241,1]},
{"frame":53,"values":[0.9897,-0.0715,0.1237,0,-0.1212,0.0387,0.9919,0,0.0758,0.9967,-0.0297,0,0.2383,0.0007,0.3208,1]},
{"frame":54,"values":[0.9878,-0.0752,0.1364,0,-0.1335,0.0422,0.9901,0,0.0802,0.9963,-0.0317,0,0.2371,0.0008,0.3182,1]},
{"frame":55,"values":[0.986,-0.079,0.1466,0,-0.1434,0.0453,0.9886,0,0.0848,0.9958,-0.0333,0,0.236,0.0008,0.3173,1]},
{"frame":56,"values":[0.9844,-0.083,0.1551,0,-0.1515,0.0481,0.9873,0,0.0894,0.9954,-0.0347,0,0.2351,0.0008,0.3174,1]},
{"frame":57,"values":[0.9827,-0.0871,0.1632,0,-0.1592,0.0509,0.9859,0,0.0942,0.9949,-0.0361,0,0.2343,0.0009,0.3178,1]},
{"frame":58,"values":[0.981,-0.0913,0.171,0,-0.1666,0.0537,0.9846,0,0.0991,0.9944,-0.0375,0,0.2335,0.0009,0.3184,1]},
{"frame":59,"values":[0.9793,-0.0956,0.1786,0,-0.1738,0.0565,0.9832,0,0.1041,0.9938,-0.0388,0,0.2328,0.001,0.3192,1]},
{"frame":60,"values":[0.9775,-0.1,0.1859,0,-0.1806,0.0594,0.9818,0,0.1092,0.9932,-0.04,0,0.2321,0.001,0.3201,1]},
{"frame":61,"values":[0.9756,-0.1044,0.1931,0,-0.1873,0.0623,0.9803,0,0.1143,0.9926,-0.0412,0,0.2315,0.0011,0.321,1]},
{"frame":62,"values":[0.9737,-0.1088,0.2001,0,-0.1938,0.0652,0.9789,0,0.1195,0.9919,-0.0424,0,0.2309,0.0011,0.3218,1]},
{"frame":63,"values":[0.9718,-0.1132,0.2069,0,-0.2002,0.0681,0.9774,0,0.1248,0.9912,-0.0435,0,0.2303,0.0012,0.3224,1]},
{"frame":64,"values":[0.9698,-0.1177,0.2137,0,-0.2064,0.0711,0.9759,0,0.13,0.9905,-0.0446,0,0.2298,0.0012,0.3228,1]},
{"frame":65,"values":[0.9678,-0.1221,0.2203,0,-0.2125,0.074,0.9744,0,0.1353,0.9897,-0.0457,0,0.2292,0.0013,0.3229,1]},
{"frame":66,"values":[0.9657,-0.1266,0.2268,0,-0.2184,0.077,0.9728,0,0.1406,0.989,-0.0467,0,0.2287,0.0013,0.3229,1]},
{"frame":67,"values":[0.9635,-0.1311,0.2332,0,-0.2242,0.0799,0.9713,0,0.146,0.9881,-0.0476,0,0.2281,0.0013,0.3229,1]},
{"frame":68,"values":[0.9614,-0.1356,0.2396,0,-0.2299,0.0829,0.9697,0,0.1513,0.9873,-0.0485,0,0.2276,0.0014,0.3228,1]},
{"frame":69,"values":[0.9592,-0.14,0.2458,0,-0.2355,0.0859,0.9681,0,0.1567,0.9864,-0.0494,0,0.227,0.0014,0.3227,1]},
{"frame":70,"values":[0.9569,-0.1445,0.252,0,-0.2411,0.0889,0.9664,0,0.162,0.9855,-0.0502,0,0.2265,0.0015,0.3226,1]},
{"frame":71,"values":[0.9546,-0.1489,0.2581,0,-0.2465,0.0919,0.9648,0,0.1674,0.9846,-0.051,0,0.2259,0.0015,0.3224,1]},
{"frame":72,"values":[0.9522,-0.1534,0.2641,0,-0.2518,0.0949,0.9631,0,0.1728,0.9836,-0.0517,0,0.2254,0.0016,0.3222,1]},
{"frame":73,"values":[0.9498,-0.1578,0.27,0,-0.2571,0.0979,0.9614,0,0.1781,0.9826,-0.0524,0,0.2248,0.0016,0.322,1]},
{"frame":74,"values":[0.9474,-0.1622,0.2759,0,-0.2622,0.1009,0.9597,0,0.1835,0.9816,-0.053,0,0.2243,0.0017,0.3218,1]},
{"frame":75,"values":[0.9449,-0.1666,0.2817,0,-0.2673,0.1039,0.958,0,0.1889,0.9805,-0.0536,0,0.2238,0.0017,0.3216,1]},
{"frame":76,"values":[0.9424,-0.171,0.2875,0,-0.2723,0.1068,0.9563,0,0.1942,0.9795,-0.0541,0,0.2232,0.0018,0.3213,1]},
{"frame":77,"values":[0.9399,-0.1753,0.2931,0,-0.2772,0.1098,0.9545,0,0.1995,0.9784,-0.0546,0,0.2227,0.0018,0.321,1]},
{"frame":78,"values":[0.9373,-0.1796,0.2988,0,-0.2821,0.1128,0.9527,0,0.2048,0.9772,-0.0551,0,0.2222,0.0019,0.3207,1]},
{"frame":79,"values":[0.9346,-0.1839,0.3043,0,-0.2869,0.1158,0.951,0,0.2101,0.9761,-0.0554,0,0.2217,0.0019,0.3204,1]},
{"frame":80,"values":[0.932,-0.1882,0.3098,0,-0.2916,0.1187,0.9492,0,0.2154,0.9749,-0.0558,0,0.2212,0.002,0.32,1]},
{"frame":81,"values":[0.9293,-0.1924,0.3153,0,-0.2962,0.1216,0.9474,0,0.2206,0.9737,-0.056,0,0.2208,0.002,0.3197,1]},
{"frame":82,"values":[0.9266,-0.1966,0.3206,0,-0.3008,0.1245,0.9455,0,0.2258,0.9725,-0.0563,0,0.2203,0.0021,0.3193,1]},
{"frame":83,"values":[0.9238,-0.2008,0.3259,0,-0.3053,0.1274,0.9437,0,0.231,0.9713,-0.0564,0,0.2198,0.0021,0.3189,1]},
{"frame":84,"values":[0.9211,-0.2049,0.3312,0,-0.3097,0.1303,0.9419,0,0.2361,0.9701,-0.0565,0,0.2194,0.0022,0.3185,1]},
{"frame":85,"values":[0.9183,-0.209,0.3364,0,-0.3141,0.1331,0.94,0,0.2412,0.9688,-0.0566,0,0.219,0.0022,0.3181,1]},
{"frame":86,"values":[0.9154,-0.213,0.3415,0,-0.3184,0.1358,0.9382,0,0.2462,0.9676,-0.0565,0,0.2186,0.0023,0.3177,1]},
{"frame":87,"values":[0.9126,-0.217,0.3465,0,-0.3226,0.1385,0.9363,0,0.2512,0.9663,-0.0564,0,0.2183,0.0023,0.3173,1]},
{"frame":88,"values":[0.9098,-0.2209,0.3515,0,-0.3267,0.1412,0.9345,0,0.2561,0.965,-0.0563,0,0.2179,0.0023,0.3169,1]},
{"frame":89,"values":[0.9069,-0.2248,0.3563,0,-0.3308,0.1437,0.9327,0,0.2609,0.9638,-0.056,0,0.2176,0.0024,0.3165,1]},
{"frame":90,"values":[0.9041,-0.2286,0.3611,0,-0.3349,0.1462,0.9308,0,0.2656,0.9625,-0.0557,0,0.2174,0.0024,0.3161,1]},
{"frame":91,"values":[0.9012,-0.2323,0.3658,0,-0.3388,0.1486,0.929,0,0.2702,0.9612,-0.0552,0,0.2171,0.0024,0.3157,1]},
{"frame":92,"values":[0.8984,-0.2359,0.3704,0,-0.3427,0.1508,0.9273,0,0.2746,0.96,-0.0546,0,0.2169,0.0025,0.3153,1]},
{"frame":93,"values":[0.8956,-0.2394,0.3749,0,-0.3465,0.1528,0.9255,0,0.2788,0.9588,-0.0539,0,0.2168,0.0025,0.315,1]},
{"frame":94,"values":[0.8929,-0.2427,0.3792,0,-0.3502,0.1546,0.9238,0,0.2829,0.9577,-0.053,0,0.2167,0.0025,0.3146,1]},
{"frame":95,"values":[0.8903,-0.2459,0.3832,0,-0.3539,0.156,0.9222,0,0.2865,0.9567,-0.0519,0,0.2167,0.0025,0.3143,1]},
{"frame":96,"values":[0.888,-0.249,0.3865,0,-0.3574,0.155,0.921,0,0.2893,0.956,-0.0487,0,0.2167,0.0025,0.314,1]},
{"frame":97,"values":[0.8862,-0.2523,0.3885,0,-0.3607,0.1504,0.9205,0,0.2907,0.9559,-0.0422,0,0.2167,0.0025,0.3136,1]},
{"frame":98,"values":[0.8849,-0.2553,0.3895,0,-0.3634,0.1445,0.9203,0,0.2913,0.956,-0.0351,0,0.2167,0.0025,0.3133,1]},
{"frame":99,"values":[0.8838,-0.2576,0.3905,0,-0.3655,0.1407,0.9201,0,0.2919,0.956,-0.0302,0,0.2167,0.0025,0.313,1]},
{"frame":100,"values":[0.8829,-0.2592,0.3915,0,-0.367,0.1389,0.9198,0,0.2928,0.9558,-0.0275,0,0.2167,0.0034,0.3128,1]},
{"frame":101,"values":[0.8822,-0.2606,0.3923,0,-0.3682,0.1375,0.9195,0,0.2936,0.9556,-0.0254,0,0.2167,0.0059,0.3126,1]},
{"frame":102,"values":[0.8815,-0.2619,0.393,0,-0.3693,0.1364,0.9192,0,0.2943,0.9554,-0.0235,0,0.2168,0.0084,0.3125,1]},
{"frame":103,"values":[0.8808,-0.2631,0.3937,0,-0.3703,0.1353,0.919,0,0.2951,0.9552,-0.0218,0,0.2168,0.0094,0.3123,1]},
{"frame":104,"values":[0.8802,-0.2642,0.3943,0,-0.3712,0.1344,0.9188,0,0.2958,0.955,-0.0202,0,0.2168,0.0094,0.3122,1]},
{"frame":105,"values":[0.8796,-0.2654,0.3949,0,-0.3721,0.1335,0.9185,0,0.2965,0.9549,-0.0187,0,0.2169,0.0093,0.3121,1]},
{"frame":106,"values":[0.879,-0.2664,0.3955,0,-0.373,0.1327,0.9183,0,0.2971,0.9547,-0.0172,0,0.2169,0.0093,0.3119,1]},
{"frame":107,"values":[0.8784,-0.2675,0.3961,0,-0.3738,0.1318,0.9181,0,0.2978,0.9545,-0.0158,0,0.217,0.0092,0.3118,1]},
{"frame":108,"values":[0.8778,-0.2686,0.3966,0,-0.3746,0.1311,0.9179,0,0.2985,0.9543,-0.0144,0,0.217,0.0091,0.3117,1]},
{"frame":109,"values":[0.8772,-0.2696,0.3972,0,-0.3754,0.1303,0.9176,0,0.2991,0.9541,-0.0131,0,0.217,0.009,0.3115,1]},
{"frame":110,"values":[0.8767,-0.2706,0.3977,0,-0.3762,0.1296,0.9174,0,0.2998,0.9539,-0.0118,0,0.2171,0.009,0.3114,1]},
{"frame":111,"values":[0.8761,-0.2716,0.3983,0,-0.377,0.1289,0.9172,0,0.3005,0.9537,-0.0106,0,0.2171,0.0089,0.3113,1]},
{"frame":112,"values":[0.8756,-0.2726,0.3988,0,-0.3777,0.1282,0.917,0,0.3011,0.9535,-0.0093,0,0.2172,0.0088,0.3111,1]},
{"frame":113,"values":[0.875,-0.2736,0.3993,0,-0.3785,0.1276,0.9168,0,0.3017,0.9534,-0.0081,0,0.2172,0.0087,0.311,1]},
{"frame":114,"values":[0.8745,-0.2745,0.3998,0,-0.3792,0.1269,0.9166,0,0.3024,0.9532,-0.0069,0,0.2173,0.0086,0.3109,1]},
{"frame":115,"values":[0.874,-0.2755,0.4003,0,-0.3799,0.1263,0.9164,0,0.303,0.953,-0.0057,0,0.2173,0.0085,0.3108,1]},
{"frame":116,"values":[0.8734,-0.2765,0.4008,0,-0.3807,0.1256,0.9161,0,0.3036,0.9528,-0.0045,0,0.2173,0.0085,0.3106,1]},
{"frame":117,"values":[0.8729,-0.2774,0.4013,0,-0.3814,0.125,0.9159,0,0.3043,0.9526,-0.0033,0,0.2174,0.0084,0.3105,1]},
{"frame":118,"values":[0.8724,-0.2784,0.4018,0,-0.3821,0.1244,0.9157,0,0.3049,0.9524,-0.0022,0,0.2174,0.0083,0.3104,1]},
{"frame":119,"values":[0.8719,-0.2793,0.4023,0,-0.3828,0.1238,0.9155,0,0.3055,0.9522,-0.001,0,0.2175,0.0082,0.3102,1]},
{"frame":120,"values":[0.8714,-0.2802,0.4028,0,-0.3835,0.1232,0.9153,0,0.3061,0.952,0.0001,0,0.2175,0.0081,0.3101,1]},
{"frame":121,"values":[0.8708,-0.2812,0.4032,0,-0.3841,0.1226,0.9151,0,0.3067,0.9518,0.0012,0,0.2176,0.008,0.31,1]},
{"frame":122,"values":[0.8703,-0.2821,0.4037,0,-0.3848,0.122,0.9149,0,0.3073,0.9516,0.0024,0,0.2176,0.0079,0.3099,1]},
{"frame":123,"values":[0.8698,-0.283,0.4042,0,-0.3855,0.1214,0.9147,0,0.3079,0.9514,0.0035,0,0.2177,0.0078,0.3097,1]},
{"frame":124,"values":[0.8693,-0.2839,0.4046,0,-0.3862,0.1209,0.9145,0,0.3085,0.9512,0.0046,0,0.2177,0.0077,0.3096,1]},
{"frame":125,"values":[0.8688,-0.2848,0.4051,0,-0.3868,0.1203,0.9143,0,0.3091,0.951,0.0057,0,0.2177,0.0076,0.3095,1]},
{"frame":126,"values":[0.8683,-0.2857,0.4055,0,-0.3875,0.1197,0.9141,0,0.3097,0.9508,0.0068,0,0.2178,0.0075,0.3094,1]},
{"frame":127,"values":[0.8678,-0.2866,0.406,0,-0.3882,0.1192,0.9138,0,0.3103,0.9506,0.0079,0,0.2178,0.0075,0.3092,1]},
{"frame":128,"values":[0.8673,-0.2875,0.4064,0,-0.3888,0.1186,0.9136,0,0.3109,0.9504,0.0089,0,0.2179,0.0074,0.3091,1]},
{"frame":129,"values":[0.8668,-0.2884,0.4069,0,-0.3895,0.1181,0.9134,0,0.3115,0.9502,0.01,0,0.2179,0.0073,0.309,1]},
{"frame":130,"values":[0.8662,-0.2893,0.4073,0,-0.3902,0.1175,0.9132,0,0.3121,0.95,0.0111,0,0.218,0.0072,0.3088,1]},
{"frame":131,"values":[0.8657,-0.2902,0.4078,0,-0.3908,0.117,0.913,0,0.3127,0.9498,0.0122,0,0.218,0.0071,0.3087,1]},
{"frame":132,"values":[0.8652,-0.2911,0.4082,0,-0.3915,0.1164,0.9128,0,0.3132,0.9496,0.0132,0,0.2181,0.007,0.3086,1]},
{"frame":133,"values":[0.8647,-0.292,0.4086,0,-0.3921,0.1159,0.9126,0,0.3138,0.9494,0.0143,0,0.2181,0.0069,0.3085,1]},
{"frame":134,"values":[0.8642,-0.2929,0.4091,0,-0.3928,0.1153,0.9124,0,0.3144,0.9492,0.0154,0,0.2181,0.0068,0.3083,1]},
{"frame":135,"values":[0.8637,-0.2937,0.4095,0,-0.3934,0.1148,0.9122,0,0.315,0.949,0.0164,0,0.2182,0.0067,0.3082,1]},
{"frame":136,"values":[0.8632,-0.2946,0.4099,0,-0.394,0.1143,0.912,0,0.3155,0.9488,0.0175,0,0.2182,0.0066,0.3081,1]},
{"frame":137,"values":[0.8627,-0.2955,0.4103,0,-0.3947,0.1137,0.9118,0,0.3161,0.9486,0.0185,0,0.2183,0.0065,0.308,1]},
{"frame":138,"values":[0.8622,-0.2964,0.4107,0,-0.3953,0.1132,0.9115,0,0.3166,0.9483,0.0196,0,0.2183,0.0064,0.3078,1]},
{"frame":139,"values":[0.8617,-0.2972,0.4112,0,-0.396,0.1126,0.9113,0,0.3172,0.9481,0.0206,0,0.2184,0.0063,0.3077,1]},
{"frame":140,"values":[0.8612,-0.2981,0.4116,0,-0.3966,0.1121,0.9111,0,0.3178,0.9479,0.0217,0,0.2184,0.0062,0.3076,1]},
{"frame":141,"values":[0.8607,-0.299,0.412,0,-0.3972,0.1116,0.9109,0,0.3183,0.9477,0.0227,0,0.2185,0.0061,0.3075,1]},
{"frame":142,"values":[0.8602,-0.2998,0.4124,0,-0.3979,0.111,0.9107,0,0.3189,0.9475,0.0238,0,0.2185,0.006,0.3074,1]},
{"frame":143,"values":[0.8597,-0.3007,0.4128,0,-0.3985,0.1105,0.9105,0,0.3194,0.9473,0.0248,0,0.2186,0.0059,0.3072,1]},
{"frame":144,"values":[0.8593,-0.3016,0.4132,0,-0.3991,0.11,0.9103,0,0.3199,0.9471,0.0259,0,0.2186,0.0058,0.3071,1]},
{"frame":145,"values":[0.8588,-0.3024,0.4136,0,-0.3998,0.1094,0.9101,0,0.3205,0.9469,0.0269,0,0.2186,0.0057,0.307,1]},
{"frame":146,"values":[0.8583,-0.3033,0.414,0,-0.4004,0.1089,0.9098,0,0.321,0.9467,0.028,0,0.2187,0.0056,0.3069,1]},
{"frame":147,"values":[0.8578,-0.3042,0.4144,0,-0.401,0.1083,0.9096,0,0.3216,0.9464,0.029,0,0.2187,0.0055,0.3067,1]},
{"frame":148,"values":[0.8573,-0.305,0.4148,0,-0.4017,0.1078,0.9094,0,0.3221,0.9462,0.0301,0,0.2188,0.0054,0.3066,1]},
{"frame":149,"values":[0.8568,-0.3059,0.4152,0,-0.4023,0.1073,0.9092,0,0.3226,0.946,0.0312,0,0.2188,0.0053,0.3065,1]},
{"frame":150,"values":[0.8563,-0.3067,0.4156,0,-0.4029,0.1067,0.909,0,0.3231,0.9458,0.0322,0,0.2189,0.0052,0.3064,1]},
{"frame":151,"values":[0.8558,-0.3076,0.416,0,-0.4036,0.1062,0.9088,0,0.3237,0.9456,0.0333,0,0.2189,0.0051,0.3063,1]},
{"frame":152,"values":[0.8553,-0.3084,0.4164,0,-0.4042,0.1056,0.9086,0,0.3242,0.9454,0.0343,0,0.219,0.005,0.3061,1]},
{"frame":153,"values":[0.8548,-0.3093,0.4167,0,-0.4048,0.1051,0.9083,0,0.3247,0.9452,0.0354,0,0.219,0.005,0.306,1]},
{"frame":154,"values":[0.8543,-0.3101,0.4171,0,-0.4055,0.1045,0.9081,0,0.3252,0.9449,0.0365,0,0.2191,0.0049,0.3059,1]},
{"frame":155,"values":[0.8538,-0.311,0.4175,0,-0.4061,0.104,0.9079,0,0.3257,0.9447,0.0375,0,0.2191,0.0048,0.3058,1]},
{"frame":156,"values":[0.8533,-0.3118,0.4179,0,-0.4067,0.1034,0.9077,0,0.3262,0.9445,0.0386,0,0.2191,0.0047,0.3056,1]},
{"frame":157,"values":[0.8528,-0.3126,0.4183,0,-0.4074,0.1028,0.9075,0,0.3267,0.9443,0.0397,0,0.2192,0.0046,0.3055,1]},
{"frame":158,"values":[0.8523,-0.3135,0.4186,0,-0.408,0.1023,0.9072,0,0.3272,0.9441,0.0407,0,0.2192,0.0045,0.3054,1]},
{"frame":159,"values":[0.8518,-0.3143,0.419,0,-0.4086,0.1017,0.907,0,0.3277,0.9439,0.0418,0,0.2193,0.0044,0.3053,1]},
{"frame":160,"values":[0.8513,-0.3152,0.4194,0,-0.4093,0.1011,0.9068,0,0.3282,0.9436,0.0429,0,0.2193,0.0043,0.3052,1]},
{"frame":161,"values":[0.8509,-0.316,0.4197,0,-0.4099,0.1005,0.9066,0,0.3287,0.9434,0.044,0,0.2194,0.0042,0.3051,1]},
{"frame":162,"values":[0.8504,-0.3168,0.4201,0,-0.4105,0.0999,0.9064,0,0.3292,0.9432,0.0451,0,0.2194,0.0041,0.3049,1]},
{"frame":163,"values":[0.8499,-0.3177,0.4205,0,-0.4112,0.0993,0.9061,0,0.3296,0.943,0.0462,0,0.2195,0.004,0.3048,1]},
{"frame":164,"values":[0.8494,-0.3185,0.4208,0,-0.4118,0.0987,0.9059,0,0.3301,0.9428,0.0473,0,0.2195,0.0039,0.3047,1]},
{"frame":165,"values":[0.8489,-0.3194,0.4212,0,-0.4124,0.0981,0.9057,0,0.3305,0.9425,0.0484,0,0.2196,0.0038,0.3046,1]},
{"frame":166,"values":[0.8484,-0.3202,0.4215,0,-0.4131,0.0975,0.9055,0,0.331,0.9423,0.0496,0,0.2196,0.0037,0.3045,1]},
{"frame":167,"values":[0.8479,-0.321,0.4219,0,-0.4137,0.0968,0.9052,0,0.3314,0.9421,0.0507,0,0.2197,0.0036,0.3044,1]},
{"frame":168,"values":[0.8474,-0.3219,0.4222,0,-0.4144,0.0962,0.905,0,0.3319,0.9419,0.0519,0,0.2197,0.0035,0.3042,1]},
{"frame":169,"values":[0.8469,-0.3227,0.4226,0,-0.415,0.0955,0.9048,0,0.3323,0.9417,0.053,0,0.2198,0.0034,0.3041,1]},
{"frame":170,"values":[0.8465,-0.3235,0.4229,0,-0.4157,0.0948,0.9045,0,0.3327,0.9415,0.0542,0,0.2198,0.0033,0.304,1]},
{"frame":171,"values":[0.846,-0.3243,0.4233,0,-0.4163,0.0942,0.9043,0,0.3332,0.9412,0.0554,0,0.2199,0.0032,0.3039,1]},
{"frame":172,"values":[0.8455,-0.3252,0.4236,0,-0.417,0.0935,0.9041,0,0.3336,0.941,0.0566,0,0.2199,0.0031,0.3038,1]},
{"frame":173,"values":[0.845,-0.326,0.4239,0,-0.4177,0.0927,0.9039,0,0.334,0.9408,0.0578,0,0.2199,0.003,0.3037,1]},
{"frame":174,"values":[0.8445,-0.3268,0.4243,0,-0.4184,0.092,0.9036,0,0.3343,0.9406,0.059,0,0.22,0.003,0.3036,1]},
{"frame":175,"values":[0.844,-0.3277,0.4246,0,-0.419,0.0912,0.9034,0,0.3347,0.9404,0.0603,0,0.22,0.0029,0.3035,1]},
{"frame":176,"values":[0.8435,-0.3285,0.4249,0,-0.4197,0.0904,0.9031,0,0.3351,0.9402,0.0616,0,0.2201,0.0028,0.3033,1]},
{"frame":177,"values":[0.8431,-0.3293,0.4252,0,-0.4204,0.0896,0.9029,0,0.3354,0.94,0.0629,0,0.2201,0.0027,0.3032,1]},
{"frame":178,"values":[0.8426,-0.3301,0.4255,0,-0.4211,0.0887,0.9027,0,0.3357,0.9398,0.0643,0,0.2202,0.0026,0.3031,1]},
{"frame":179,"values":[0.8421,-0.331,0.4258,0,-0.4218,0.0878,0.9024,0,0.336,0.9396,0.0657,0,0.2202,0.0025,0.303,1]},
{"frame":180,"values":[0.8416,-0.3318,0.4261,0,-0.4226,0.0868,0.9022,0,0.3363,0.9394,0.0672,0,0.2203,0.0024,0.3029,1]},
{"frame":181,"values":[0.8412,-0.3326,0.4264,0,-0.4233,0.0857,0.9019,0,0.3365,0.9392,0.0687,0,0.2203,0.0024,0.3028,1]},
{"frame":182,"values":[0.8407,-0.3334,0.4267,0,-0.4241,0.0845,0.9017,0,0.3367,0.939,0.0704,0,0.2204,0.0023,0.3027,1]},
{"frame":183,"values":[0.8402,-0.3342,0.427,0,-0.4249,0.0832,0.9014,0,0.3368,0.9388,0.0722,0,0.2205,0.0022,0.3027,1]},
{"frame":184,"values":[0.8398,-0.3351,0.4272,0,-0.4259,0.0815,0.9011,0,0.3368,0.9387,0.0743,0,0.2205,0.0021,0.3026,1]},
{"frame":185,"values":[0.8394,-0.3359,0.4273,0,-0.427,0.079,0.9008,0,0.3364,0.9386,0.0771,0,0.2206,0.0021,0.3025,1]},
{"frame":186,"values":[0.8389,-0.3374,0.4272,0,-0.4292,0.0727,0.9003,0,0.3348,0.9386,0.0838,0,0.2207,0.0035,0.3026,1]},
{"frame":187,"values":[0.8384,-0.339,0.4267,0,-0.432,0.0639,0.8996,0,0.3323,0.9386,0.0928,0,0.2208,0.0064,0.3028,1]},
{"frame":188,"values":[0.8385,-0.3389,0.4266,0,-0.4332,0.0601,0.8993,0,0.3304,0.9389,0.0964,0,0.2209,0.0078,0.3028,1]},
{"frame":189,"values":[0.8402,-0.3342,0.4271,0,-0.4335,0.0594,0.8992,0,0.3258,0.9406,0.095,0,0.2207,0.0078,0.3027,1]},
{"frame":190,"values":[0.8435,-0.3244,0.4281,0,-0.434,0.058,0.8991,0,0.3165,0.9441,0.0918,0,0.2203,0.0077,0.3025,1]},
{"frame":191,"values":[0.8478,-0.3113,0.4294,0,-0.4346,0.0563,0.8989,0,0.304,0.9486,0.0876,0,0.2198,0.0077,0.3022,1]},
{"frame":192,"values":[0.8525,-0.2959,0.4308,0,-0.4353,0.0543,0.8987,0,0.2893,0.9537,0.0826,0,0.2192,0.0076,0.3019,1]},
{"frame":193,"values":[0.8576,-0.2788,0.4323,0,-0.436,0.052,0.8985,0,0.273,0.9589,0.077,0,0.2185,0.0075,0.3015,1]},
{"frame":194,"values":[0.8627,-0.2603,0.4337,0,-0.4366,0.0495,0.8983,0,0.2553,0.9643,0.0709,0,0.2177,0.0074,0.301,1]},
{"frame":195,"values":[0.8677,-0.2406,0.435,0,-0.4373,0.0469,0.8981,0,0.2365,0.9695,0.0645,0,0.2169,0.0073,0.3006,1]},
{"frame":196,"values":[0.8725,-0.22,0.4363,0,-0.4379,0.0442,0.898,0,0.2168,0.9745,0.0578,0,0.2161,0.0072,0.3001,1]},
{"frame":197,"values":[0.8771,-0.1986,0.4374,0,-0.4384,0.0413,0.8978,0,0.1964,0.9792,0.0508,0,0.2152,0.0071,0.2996,1]},
{"frame":198,"values":[0.8813,-0.1767,0.4383,0,-0.4388,0.0384,0.8978,0,0.1754,0.9835,0.0437,0,0.2144,0.007,0.2992,1]},
{"frame":199,"values":[0.8851,-0.1542,0.4391,0,-0.4392,0.0354,0.8977,0,0.1539,0.9874,0.0364,0,0.2135,0.0069,0.2987,1]},
{"frame":200,"values":[0.8885,-0.1313,0.4396,0,-0.4394,0.0323,0.8977,0,0.1321,0.9908,0.029,0,0.2126,0.0068,0.2982,1]},
{"frame":201,"values":[0.8915,-0.1082,0.44,0,-0.4396,0.0291,0.8977,0,0.1099,0.9937,0.0216,0,0.2118,0.0067,0.2977,1]},
{"frame":202,"values":[0.8939,-0.0848,0.4401,0,-0.4396,0.0259,0.8978,0,0.0875,0.9961,0.0141,0,0.2109,0.0066,0.2972,1]},
{"frame":203,"values":[0.8959,-0.0613,0.44,0,-0.4395,0.0227,0.898,0,0.0651,0.9979,0.0066,0,0.21,0.0064,0.2967,1]},
{"frame":204,"values":[0.8974,-0.0378,0.4397,0,-0.4393,0.0195,0.8981,0,0.0425,0.9991,-0.0009,0,0.2092,0.0063,0.2962,1]},
{"frame":205,"values":[0.8983,-0.0143,0.4391,0,-0.4389,0.0162,0.8984,0,0.02,0.9998,-0.0083,0,0.2083,0.0062,0.2957,1]},
{"frame":206,"values":[0.8988,0.009,0.4384,0,-0.4384,0.013,0.8987,0,-0.0024,0.9999,-0.0156,0,0.2075,0.0061,0.2953,1]},
{"frame":207,"values":[0.8987,0.0321,0.4373,0,-0.4378,0.0098,0.899,0,-0.0246,0.9994,-0.0228,0,0.2067,0.006,0.2948,1]},
{"frame":208,"values":[0.8982,0.0549,0.4361,0,-0.4371,0.0066,0.8994,0,-0.0465,0.9985,-0.0299,0,0.2059,0.0059,0.2944,1]},
{"frame":209,"values":[0.8973,0.0774,0.4346,0,-0.4362,0.0034,0.8998,0,-0.0682,0.997,-0.0368,0,0.2051,0.0057,0.294,1]},
{"frame":210,"values":[0.8959,0.0994,0.433,0,-0.4352,0.0003,0.9004,0,-0.0894,0.995,-0.0435,0,0.2044,0.0056,0.2935,1]},
{"frame":211,"values":[0.8942,0.1209,0.4311,0,-0.434,-0.0028,0.9009,0,-0.1101,0.9927,-0.05,0,0.2037,0.0055,0.2931,1]},
{"frame":212,"values":[0.8921,0.1417,0.429,0,-0.4326,-0.0057,0.9015,0,-0.1302,0.9899,-0.0562,0,0.203,0.0054,0.2928,1]},
{"frame":213,"values":[0.8898,0.1618,0.4268,0,-0.4312,-0.0087,0.9022,0,-0.1497,0.9868,-0.0621,0,0.2024,0.0053,0.2924,1]},
{"frame":214,"values":[0.8872,0.1811,0.4243,0,-0.4295,-0.0115,0.903,0,-0.1684,0.9834,-0.0676,0,0.2019,0.0052,0.2921,1]},
{"frame":215,"values":[0.8845,0.1995,0.4217,0,-0.4277,-0.0142,0.9038,0,-0.1863,0.9798,-0.0728,0,0.2013,0.0051,0.2918,1]},
{"frame":216,"values":[0.8817,0.2168,0.419,0,-0.4258,-0.0168,0.9047,0,-0.2031,0.9761,-0.0775,0,0.2009,0.005,0.2916,1]},
{"frame":217,"values":[0.879,0.2328,0.4161,0,-0.4236,-0.0192,0.9056,0,-0.2189,0.9723,-0.0817,0,0.2005,0.0049,0.2913,1]},
{"frame":218,"values":[0.8764,0.2475,0.4131,0,-0.4213,-0.0216,0.9067,0,-0.2333,0.9687,-0.0854,0,0.2002,0.0048,0.2912,1]},
{"frame":219,"values":[0.8741,0.2605,0.4101,0,-0.4188,-0.0237,0.9078,0,-0.2462,0.9652,-0.0884,0,0.2,0.0047,0.2911,1]},
{"frame":220,"values":[0.8722,0.2716,0.4069,0,-0.4161,-0.0257,0.909,0,-0.2573,0.9621,-0.0906,0,0.2,0.0046,0.291,1]},
{"frame":221,"values":[0.8739,0.2803,0.3972,0,-0.4062,-0.0278,0.9134,0,-0.267,0.9595,-0.0896,0,0.2,0.0045,0.2919,1]},
{"frame":222,"values":[0.8819,0.2861,0.3747,0,-0.3826,-0.03,0.9234,0,-0.2754,0.9577,-0.083,0,0.2,0.0045,0.2942,1]},
{"frame":223,"values":[0.8934,0.2888,0.3441,0,-0.3504,-0.0316,0.9361,0,-0.2812,0.9569,-0.0729,0,0.2,0.0045,0.2973,1]},
{"frame":224,"values":[0.9039,0.2895,0.3148,0,-0.3195,-0.0323,0.947,0,-0.2843,0.9566,-0.0633,0,0.2,0.0044,0.2998,1]},
{"frame":225,"values":[0.9109,0.2895,0.2939,0,-0.2977,-0.0317,0.9541,0,-0.2855,0.9567,-0.0573,0,0.2,0.0043,0.301,1]},
{"frame":226,"values":[0.9161,0.2886,0.2783,0,-0.2818,-0.0303,0.959,0,-0.2852,0.957,-0.0535,0,0.2005,0.0043,0.3013,1]},
{"frame":227,"values":[0.9214,0.2859,0.2632,0,-0.2663,-0.0287,0.9635,0,-0.283,0.9578,-0.0496,0,0.2019,0.0042,0.3014,1]},
{"frame":228,"values":[0.9268,0.2816,0.2483,0,-0.2511,-0.027,0.9676,0,-0.2792,0.9592,-0.0457,0,0.204,0.0041,0.3014,1]},
{"frame":229,"values":[0.9323,0.2759,0.2338,0,-0.2362,-0.025,0.9714,0,-0.2739,0.9609,-0.0418,0,0.2062,0.004,0.3015,1]},
{"frame":230,"values":[0.9378,0.269,0.2197,0,-0.2218,-0.023,0.9748,0,-0.2672,0.9629,-0.038,0,0.2079,0.0039,0.3018,1]},
{"frame":231,"values":[0.9431,0.2609,0.2059,0,-0.2077,-0.021,0.978,0,-0.2595,0.9651,-0.0344,0,0.2095,0.0037,0.3023,1]},
{"frame":232,"values":[0.9484,0.2519,0.1925,0,-0.194,-0.019,0.9808,0,-0.2507,0.9676,-0.0309,0,0.2111,0.0036,0.3029,1]},
{"frame":233,"values":[0.9535,0.242,0.1795,0,-0.1808,-0.017,0.9834,0,-0.241,0.9701,-0.0275,0,0.2128,0.0035,0.3036,1]},
{"frame":234,"values":[0.9585,0.2314,0.1668,0,-0.1679,-0.0151,0.9857,0,-0.2306,0.9727,-0.0244,0,0.2146,0.0033,0.3045,1]},
{"frame":235,"values":[0.9631,0.2202,0.1546,0,-0.1555,-0.0133,0.9877,0,-0.2195,0.9754,-0.0214,0,0.2165,0.0032,0.3054,1]},
{"frame":236,"values":[0.9676,0.2085,0.1428,0,-0.1435,-0.0116,0.9896,0,-0.208,0.978,-0.0187,0,0.2184,0.003,0.3064,1]},
{"frame":237,"values":[0.9717,0.1964,0.1314,0,-0.132,-0.01,0.9912,0,-0.196,0.9805,-0.0162,0,0.2204,0.0028,0.3075,1]},
{"frame":238,"values":[0.9755,0.1841,0.1204,0,-0.1209,-0.0086,0.9926,0,-0.1838,0.9829,-0.0139,0,0.2223,0.0026,0.3086,1]},
{"frame":239,"values":[0.979,0.1716,0.1098,0,-0.1102,-0.0073,0.9939,0,-0.1713,0.9851,-0.0118,0,0.2243,0.0025,0.3098,1]},
{"frame":240,"values":[0.9822,0.159,0.0997,0,-0.1,-0.0061,0.995,0,-0.1588,0.9873,-0.0099,0,0.2263,0.0023,0.311,1]},
{"frame":241,"values":[0.9851,0.1464,0.0901,0,-0.0903,-0.005,0.9959,0,-0.1463,0.9892,-0.0083,0,0.2283,0.0021,0.3123,1]},
{"frame":242,"values":[0.9877,0.134,0.0809,0,-0.0811,-0.0041,0.9967,0,-0.1338,0.991,-0.0068,0,0.2302,0.0019,0.3136,1]},
{"frame":243,"values":[0.9899,0.1217,0.0722,0,-0.0723,-0.0033,0.9974,0,-0.1216,0.9926,-0.0056,0,0.2321,0.0017,0.3149,1]},
{"frame":244,"values":[0.9919,0.1097,0.064,0,-0.0641,-0.0026,0.9979,0,-0.1096,0.994,-0.0045,0,0.234,0.0016,0.3161,1]},
{"frame":245,"values":[0.9936,0.098,0.0562,0,-0.0563,-0.002,0.9984,0,-0.0979,0.9952,-0.0035,0,0.2357,0.0014,0.3174,1]},
{"frame":246,"values":[0.995,0.0867,0.049,0,-0.049,-0.0015,0.9988,0,-0.0866,0.9962,-0.0027,0,0.2375,0.0012,0.3186,1]},
{"frame":247,"values":[0.9962,0.0758,0.0422,0,-0.0423,-0.0011,0.9991,0,-0.0758,0.9971,-0.0021,0,0.2391,0.0011,0.3198,1]},
{"frame":248,"values":[0.9972,0.0655,0.036,0,-0.036,-0.0008,0.9994,0,-0.0655,0.9978,-0.0016,0,0.2406,0.0009,0.3209,1]},
{"frame":249,"values":[0.998,0.0558,0.0302,0,-0.0302,-0.0006,0.9995,0,-0.0558,0.9984,-0.0011,0,0.2421,0.0008,0.3219,1]},
{"frame":250,"values":[0.9986,0.0467,0.025,0,-0.025,-0.0004,0.9997,0,-0.0467,0.9989,-0.0008,0,0.2434,0.0006,0.3229,1]},
{"frame":251,"values":[0.9991,0.0383,0.0202,0,-0.0202,-0.0002,0.9998,0,-0.0383,0.9993,-0.0005,0,0.2446,0.0005,0.3239,1]},
{"frame":252,"values":[0.9994,0.0306,0.016,0,-0.016,-0.0001,0.9999,0,-0.0306,0.9995,-0.0004,0,0.2458,0.0004,0.3247,1]},
{"frame":253,"values":[0.9996,0.0237,0.0122,0,-0.0122,-0.0001,0.9999,0,-0.0237,0.9997,-0.0002,0,0.2467,0.0003,0.3255,1]},
{"frame":254,"values":[0.9998,0.0176,0.009,0,-0.009,0,1,0,-0.0176,0.9998,-0.0001,0,0.2476,0.0002,0.3261,1]},
{"frame":255,"values":[0.9999,0.0124,0.0062,0,-0.0062,0,1,0,-0.0124,0.9999,-0.0001,0,0.2483,0.0002,0.3267,1]},
{"frame":256,"values":[1,0.008,0.004,0,-0.004,0,1,0,-0.008,1,0,0,0.2489,0.0001,0.3272,1]},
{"frame":257,"values":[1,0.0045,0.0022,0,-0.0022,0,1,0,-0.0045,1,0,0,0.2494,0.0001,0.3275,1]},
{"frame":258,"values":[1,0.002,0.001,0,-0.001,0,1,0,-0.002,1,0,0,0.2497,0,0.3278,1]},
{"frame":259,"values":[1,0.0005,0.0002,0,-0.0002,0,1,0,-0.0005,1,0,0,0.2499,0,0.3279,1]},
{"frame":260,"values":[1,0,0,0,0,0,1,0,0,1,0,0,0.25,0,0.328,1]},
{"frame":270,"values":[1,0,0,0,0,0,1,0,0,1,0,0,0.25,0,0.328,1]},
{"frame":271,"values":[1,-0.0006,0.0008,0,-0.0008,0.0003,1,0,0.0006,1,-0.0003,0,0.2499,0,0.328,1]},
{"frame":272,"values":[1,-0.0022,0.0031,0,-0.0031,0.001,1,0,0.0022,1,-0.001,0,0.2497,0,0.3279,1]},
{"frame":273,"values":[1,-0.0048,0.007,0,-0.0069,0.0023,1,0,0.0049,1,-0.0022,0,0.2493,0.0001,0.3278,1]},
{"frame":274,"values":[0.9999,-0.0085,0.0122,0,-0.0122,0.004,0.9999,0,0.0086,1,-0.0039,0,0.2488,0.0001,0.3276,1]},
{"frame":275,"values":[0.9997,-0.0131,0.0189,0,-0.0188,0.0062,0.9998,0,0.0132,0.9999,-0.006,0,0.2481,0.0001,0.3274,1]},
{"frame":276,"values":[0.9995,-0.0186,0.0269,0,-0.0267,0.0089,0.9996,0,0.0189,0.9998,-0.0084,0,0.2473,0.0002,0.3271,1]},
{"frame":277,"values":[0.999,-0.025,0.0361,0,-0.0358,0.012,0.9993,0,0.0254,0.9996,-0.0111,0,0.2464,0.0003,0.3268,1]},
{"frame":278,"values":[0.9984,-0.0321,0.0466,0,-0.0461,0.0156,0.9988,0,0.0328,0.9994,-0.0141,0,0.2454,0.0003,0.3265,1]},
{"frame":279,"values":[0.9975,-0.04,0.0583,0,-0.0575,0.0197,0.9981,0,0.0411,0.999,-0.0174,0,0.2442,0.0004,0.3261,1]},
{"frame":280,"values":[0.9963,-0.0486,0.071,0,-0.0699,0.0242,0.9973,0,0.0502,0.9985,-0.0208,0,0.243,0.0005,0.3257,1]},
{"frame":281,"values":[0.9947,-0.0578,0.0848,0,-0.0832,0.0292,0.9961,0,0.0601,0.9979,-0.0243,0,0.2417,0.0006,0.3252,1]},
{"frame":282,"values":[0.9927,-0.0676,0.0995,0,-0.0973,0.0347,0.9946,0,0.0706,0.9971,-0.0278,0,0.2403,0.0007,0.3248,1]},
{"frame":283,"values":[0.9903,-0.0778,0.1151,0,-0.1122,0.0406,0.9929,0,0.0819,0.9961,-0.0314,0,0.2388,0.0008,0.3242,1]},
{"frame":284,"values":[0.9874,-0.0884,0.1314,0,-0.1277,0.0469,0.9907,0,0.0938,0.995,-0.035,0,0.2373,0.0009,0.3237,1]},
{"frame":285,"values":[0.9839,-0.0994,0.1484,0,-0.1437,0.0535,0.9882,0,0.1062,0.9936,-0.0384,0,0.2357,0.0011,0.3231,1]},
{"frame":286,"values":[0.9799,-0.1106,0.166,0,-0.1601,0.0606,0.9852,0,0.119,0.992,-0.0417,0,0.2341,0.0012,0.3226,1]},
{"frame":287,"values":[0.9753,-0.122,0.184,0,-0.1767,0.068,0.9819,0,0.1323,0.9902,-0.0448,0,0.2324,0.0013,0.322,1]},
{"frame":288,"values":[0.9702,-0.1335,0.2023,0,-0.1936,0.0757,0.9782,0,0.1459,0.9882,-0.0476,0,0.2308,0.0014,0.3213,1]},
{"frame":289,"values":[0.9645,-0.145,0.2208,0,-0.2104,0.0836,0.974,0,0.1596,0.9859,-0.0501,0,0.2291,0.0016,0.3207,1]},
{"frame":290,"values":[0.9583,-0.1564,0.2393,0,-0.2272,0.0916,0.9695,0,0.1735,0.9834,-0.0523,0,0.2275,0.0017,0.3201,1]},
{"frame":291,"values":[0.9516,-0.1676,0.2577,0,-0.2436,0.0998,0.9647,0,0.1874,0.9808,-0.0541,0,0.2259,0.0018,0.3194,1]},
{"frame":292,"values":[0.9445,-0.1785,0.2757,0,-0.2597,0.1079,0.9596,0,0.2011,0.978,-0.0556,0,0.2243,0.0019,0.3188,1]},
{"frame":293,"values":[0.9371,-0.1892,0.2933,0,-0.2753,0.1159,0.9544,0,0.2145,0.9751,-0.0566,0,0.2228,0.002,0.3181,1]},
{"frame":294,"values":[0.9296,-0.1994,0.3101,0,-0.2901,0.1237,0.949,0,0.2276,0.9721,-0.0572,0,0.2214,0.0021,0.3175,1]},
{"frame":295,"values":[0.9219,-0.209,0.3261,0,-0.304,0.1311,0.9436,0,0.24,0.9691,-0.0573,0,0.2201,0.0022,0.3169,1]},
{"frame":296,"values":[0.9145,-0.2181,0.3409,0,-0.3169,0.138,0.9384,0,0.2517,0.9661,-0.0571,0,0.219,0.0023,0.3163,1]},
{"frame":297,"values":[0.9073,-0.2264,0.3543,0,-0.3286,0.1441,0.9334,0,0.2624,0.9633,-0.0564,0,0.2181,0.0024,0.3157,1]},
{"frame":298,"values":[0.9007,-0.2339,0.3661,0,-0.3388,0.1493,0.9289,0,0.2719,0.9607,-0.0553,0,0.2173,0.0024,0.3152,1]},
{"frame":299,"values":[0.895,-0.2404,0.3758,0,-0.3473,0.1534,0.9251,0,0.2801,0.9585,-0.0538,0,0.2168,0.0025,0.3147,1]},
{"frame":300,"values":[0.8903,-0.2459,0.3832,0,-0.3539,0.156,0.9222,0,0.2865,0.9567,-0.0519,0,0.2167,0.0025,0.3143,1]},
{"frame":301,"values":[0.8871,-0.2502,0.3879,0,-0.3586,0.1555,0.9204,0,0.2906,0.9556,-0.0482,0,0.2167,0.0025,0.3139,1]},
{"frame":302,"values":[0.8854,-0.2534,0.3897,0,-0.3618,0.1507,0.92,0,0.2919,0.9555,-0.0418,0,0.2167,0.0025,0.3136,1]},
{"frame":303,"values":[0.8846,-0.2557,0.39,0,-0.3638,0.1446,0.9202,0,0.2917,0.9559,-0.0349,0,0.2167,0.0025,0.3133,1]},
{"frame":304,"values":[0.8838,-0.2576,0.3905,0,-0.3655,0.1407,0.9201,0,0.2919,0.956,-0.0302,0,0.2167,0.0025,0.313,1]},
{"frame":305,"values":[0.8829,-0.2592,0.3915,0,-0.367,0.1389,0.9198,0,0.2928,0.9558,-0.0275,0,0.2167,0.0034,0.3128,1]},
{"frame":306,"values":[0.8822,-0.2606,0.3923,0,-0.3682,0.1375,0.9195,0,0.2936,0.9556,-0.0254,0,0.2167,0.0059,0.3126,1]},
{"frame":307,"values":[0.8815,-0.2619,0.393,0,-0.3693,0.1364,0.9192,0,0.2943,0.9554,-0.0235,0,0.2168,0.0084,0.3125,1]},
{"frame":308,"values":[0.8808,-0.2631,0.3937,0,-0.3703,0.1353,0.919,0,0.2951,0.9552,-0.0218,0,0.2168,0.0094,0.3123,1]},
{"frame":309,"values":[0.8802,-0.2642,0.3943,0,-0.3712,0.1344,0.9188,0,0.2958,0.955,-0.0202,0,0.2168,0.0094,0.3122,1]},
{"frame":310,"values":[0.8796,-0.2654,0.3949,0,-0.3721,0.1335,0.9185,0,0.2965,0.9549,-0.0187,0,0.2169,0.0093,0.3121,1]},
{"frame":311,"values":[0.879,-0.2664,0.3955,0,-0.373,0.1327,0.9183,0,0.2971,0.9547,-0.0172,0,0.2169,0.0093,0.3119,1]},
{"frame":312,"values":[0.8784,-0.2675,0.3961,0,-0.3738,0.1318,0.9181,0,0.2978,0.9545,-0.0158,0,0.217,0.0092,0.3118,1]},
